14:1={20_2:3#false-m12-s34-a#false-m38-s10-a20#true-m59-s30-a#true-m85-s11-a7#false-m90+11-s10-a^#true-m90+13-ytrue-sfalse-p22}={1,30,3,20,29,9,27,7,8,11,14#71:14>>31#71:27>>16#90+5:20>>2#90+5:9>>22#90+6:11>>19}={1,30,20,3,4,12,8,7,10,34,22#65:7>>11#82:8>>24#82:22>>21}
4:16={3_1:0#true-m59-s7-a10^#false-m15-ytrue-sfalse-p19#false-m23-ytrue-sfalse-p32#true-m35-ytrue-sfalse-p10#false-m81-ytrue-sfalse-p6#true-m85-yfalse-sfalse-p4}={1,23,4,22,2,8,44,13,10,11,30#55:2>>39#55:13>>7#75:30>>9#75:8>>16#86:11>>14}={27,4,13,32,19,7,8,15,6,29,33#63:7>>9#71:33>>22#71:8>>24#86:13>>14#86:29>>18}
7:18={23_3:2#true-m6-s27-a21-p#true-m37-s27-a21#false-m63-s11-a8#true-m87-s27-a29#false-m89-s18-a22^#false-m5-ytrue-sfalse-p1#true-m14-ytrue-sfalse-p23#false-m81-ytrue-sfalse-p16#false-m82-ytrue-strue-p16#true-m90+3-ytrue-sfalse-p33}={1,25,4,3,11,22,6,16,21,23,27#59:23>>10#68:21>>29#68:11>>8#89:22>>34#90:27>>33}={1,17,4,3,10,6,24,27,11,18,9#46:3>>8#46:27>>16#54:9>>20#79:24>>22#82:10>>15}
10:2={25_3:1#false-m2-s9-a18#true-m26-s17-a20#true-m54-s42-a30#true-m61-s17-a32^#true-m41-ytrue-sfalse-p20#true-m56-ytrue-sfalse-p3#false-m64-ytrue-sfalse-p7}={21,30,17,3,37,42,8,32,6,34,20#63:34>>9#72:42>>22#73:8>>28#82:32>>23#82:17>>43}={33,24,13,15,27,16,8,6,9,18,26#57:13>>7#65:26>>32#65:16>>17#65:15>>45#81:27>>11}
11:9={22_2:2#false-m12-s27-a8#true-m16-s8-a21#true-m35-s9-a18#false-m58-s11-a8^#true-m55-ytrue-sfalse-p27#true-m90+3-ytrue-sfalse-p9#true-m90+3-ytrue-sfalse-p6#false-m90+5-ytrue-sfalse-p17}={22,13,6,3,31,18,27,10,8,9,21#59:10>>24#59:18>>30#66:21>>23#79:13>>11#80:27>>15}={1,27,32,4,13,8,14,20,6,7,42#46:42>>11#46:4>>3#81:7>>17#88:20>>10#90+4:14>>28}
13:15={16_1:1#true-m53-s18-a#false-m74-s20-a21^#true-m7-ytrue-sfalse-p31#false-m45+3-ytrue-sfalse-p29#false-m52-ytrue-sfalse-p5#false-m90+8-ytrue-sfalse-p6}={27,19,25,5,2,6,18,31,7,29,9#31:5>>16#76:9>>11#85:19>>8#85:6>>44}={1,5,6,4,28,2,8,13,29,16,17#65:29>>7#72:28>>19#72:16>>21#72:13>>20#83:2>>14}
5:6={27_2:0#true-m72-s43-a13#true-m90+3-s43-a5^#false-m86-ytrue-sfalse-p15}={1,3,26,4,25,10,23,13,20,27,21#59:21>>14#59:27>>43#81:20>>8#81:23>>7#85:10>>5}={1,4,13,3,35,8,27,16,15,11,7#69:3>>29#69:7>>9#76:27>>6#76:8>>20#77:11>>36}
12:3={21_2:3#false-m20-s42-a23#true-m47-s19-a11-p#true-m55-s19-a39#false-m65-s16-a9-og#false-m82-s7-a9^#false-m31-ytrue-sfalse-p9#false-m46-ytrue-sfalse-p23#false-m70-ytrue-sfalse-p42#true-m71-ytrue-sfalse-p32#true-m82-ytrue-sfalse-p5}={1,20,3,2,5,27,16,19,32,39,11#71:39>>17#78:19>>31#85:32>>23}={1,23,19,3,2,6,42,17,45,7,9#65:23>>25#75:17>>11#81:3>>15}
17:8={14_0:2#false-m66-s10-a18#false-m82-s3-a17^#true-m18-ytrue-sfalse-p7#false-m22-ytrue-sfalse-p33#true-m28-ytrue-sfalse-p39#false-m74-ytrue-sfalse-p23#false-m78-ytrue-sfalse-p5}={22,3,21,8,23,5,7,24,39,11,29#76:29>>17#76:21>>2#76:39>>16#84:24>>26}={1,19,5,6,23,21,33,3,10,14,8#62:8>>31#62:21>>18#81:14>>20#81:10>>17#90+2:23>>2}
15:17={7_1:0#true-m34-s16-a^#false-m45+1-ytrue-sfalse-p29#true-m76-ytrue-sfalse-p16#true-m90+1-ytrue-sfalse-p14#true-m90+4-ytrue-sfalse-p11}={1,5,4,15,2,19,8,29,16,17,7#67:7>>20#67:29>>13#78:16>>21#89:17>>11#89:15>>14}={22,3,21,8,23,5,7,24,39,11,29#40:8>>25#61:29>>17#61:39>>26#83:11>>19#83:21>>16}
2:13={10_3:3#true-m8-s8-a27#true-m15-s18-a33#false-m43-s18-a29-p#false-m62-s29-a25#true-m88-s32-a#false-m90+4-s5-a30^#true-m36-ytrue-sfalse-p16#true-m53-ytrue-sfalse-p24#true-m57-ytrue-sfalse-p8#false-m71-ytrue-sfalse-p1-b#false-m79-ytrue-sfalse-p30#true-m84-ytrue-sfalse-p4}={33,24,45,7,15,27,16,8,6,18,26#46:27>>32#46:15>>4#74:26>>9#74:18>>10#89:7>>3}={27,16,19,25,2,6,18,14,31,7,29#46:16>>5#64:14>>11#73:19>>30#87:18>>4#87:7>>22}
6:7={2_3:1#true-m24-s11-a7#true-m33-s16-a11#false-m54-s27-a23#true-m56-s7-a27^#false-m11-ytrue-sfalse-p4#false-m64-ytrue-sfalse-p28#false-m72-ytrue-sfalse-p25}={1,4,13,29,3,35,27,16,15,11,7#65:11>>9#79:27>>20#80:7>>8#80:29>>36#90+4:35>>34}={1,25,4,3,8,22,6,16,21,23,27#46:4>>2#46:21>>10#59:8>>28#73:22>>29#85:6>>26}
9:5={11_0:0^#false-m29-ytrue-sfalse-p3#false-m34-ytrue-sfalse-p25#true-m41-ytrue-sfalse-p8#false-m48-ytrue-sfalse-p26#false-m53-ytrue-sfalse-p4#true-m59-ytrue-sfalse-p32#false-m73-ytrue-strue-p4#false-m85-ytrue-sfalse-p5#false-m90+1-ytrue-sfalse-p13}={1,27,32,3,4,8,14,20,6,7,11#82:11>>42#90:7>>17}={1,3,26,4,25,10,23,13,20,14,43#57:25>>5#57:43>>27#71:14>>21#77:10>>8}
16:14={24_0:2#false-m67-s11-a9#false-m78-s9-a11^#true-m89-ytrue-sfalse-p24}={27,4,13,32,19,10,8,15,6,29,33#46:8>>9#46:29>>22#65:33>>7#81:6>>24#81:13>>14}={1,30,3,20,29,9,16,7,8,11,14#68:16>>27#68:14>>25#82:11>>31#82:9>>19#87:20>>22}
18:12={9_0:2#false-m27-s27-a#false-m30-s3-a27^#false-m19-ytrue-sfalse-p32#false-m35-ytrue-sfalse-p39#false-m41-ytrue-sfalse-p20#false-m43-ytrue-sfalse-p2#true-m48-ytrue-sfalse-p11#false-m51-ytrue-sfalse-p11#true-m58-ytrue-sfalse-p24#false-m77-ytrue-sfalse-p5#false-m88-ytrue-sfalse-p27#true-m90+7-ytrue-sfalse-p20#true-m90+9-ytrue-sfalse-p14}={1,17,4,5,3,10,24,8,11,18,9#46:3>>14#63:11>>20#63:8>>37#75:24>>22#86:10>>23}={1,20,3,2,5,27,16,19,32,39,11#45+1:19>>8#74:32>>23#80:20>>31#80:11>>24}
1:4={15_2:3#true-m38-s30-a#true-m45-s20-a10#false-m45+7-s44-a39#false-m57-s11-a30#false-m80-s11-a7^#true-m12-ytrue-sfalse-p22#true-m18-ytrue-sfalse-p30#false-m61-ytrue-sfalse-p16#true-m82-ytrue-sfalse-p12}={17,30,20,3,4,12,24,10,34,22,11#71:11>>21#77:22>>14#77:30>>19#86:12>>13}={1,5,39,16,23,22,8,44,10,11,30#15:8>>13#67:30>>7#89:11>>9#89:44>>14#89:39>>18}
8:11={17_4:0#true-m9-s10-a-p#true-m30-s8-a18#true-m69-s21-a10#true-m73-s14-a31^#false-m45+7-ytrue-sfalse-p6#false-m67-ytrue-sfalse-p31#false-m69-ytrue-sfalse-p8#true-m90+4-ytrue-sfalse-p17#false-m90+4-ytrue-sfalse-p16}={1,19,5,6,23,21,33,3,10,18,8#41:33>>20#70:10>>31#70:18>>14#81:8>>17#81:21>>4}={22,13,6,3,31,18,24,10,8,9,21#46:3>>11#46:24>>16#59:21>>15#63:18>>36#74:10>>17}
3:10={8_2:0#true-m38-s9-a-p#true-m78-s25-a7^#true-m31-ytrue-sfalse-p2}={1,22,3,2,6,42,17,45,7,9,39#59:39>>11#59:17>>25#74:45>>16#74:42>>27#90:2>>8}={21,30,17,3,37,42,8,32,6,34,20#63:34>>18#63:32>>22#72:6>>9#81:17>>33#81:30>>43}
5:8={20_4:2#true-m11-s21-a27#true-m17-s27-a10#false-m39-s18-a23#true-m41-s27-a26#false-m74-s14-a29-p#true-m90+3-s23-a-p^#false-m63-ytrue-sfalse-p10#true-m82-ytrue-sfalse-p43#false-m83-ytrue-sfalse-p29#true-m86-ytrue-sfalse-p2}={1,3,5,26,25,10,13,8,27,9,21#59:21>>20#72:9>>14#72:5>>2#79:10>>23#79:27>>43}={1,19,5,6,23,21,33,3,10,18,8#46:21>>31#68:18>>29#68:10>>14#68:8>>39#86:33>>17}
4:15={14_0:0^#false-m26-ytrue-sfalse-p20#true-m53-ytrue-sfalse-p8#false-m61-ytrue-sfalse-p8#true-m74-ytrue-sfalse-p44#false-m85-ytrue-sfalse-p5}={1,3,39,16,23,22,8,44,10,11,30#66:8>>18#66:30>>7#79:39>>14#88:3>>5#88:44>>9}={1,5,4,15,2,20,19,8,13,21,16#56:21>>17#56:20>>7#69:16>>11#81:13>>36#81:15>>14}
7:1={19_1:4#false-m17-s11-a22#false-m30-s22-a34#true-m37-s10-a27#false-m72-s10-a20-p#false-m75-s22-a30^#true-m35-ytrue-sfalse-p22#false-m39-ytrue-sfalse-p11#false-m51-ytrue-sfalse-p8#true-m90+1-ytrue-sfalse-p25}={1,25,4,3,8,11,22,16,10,21,27#61:22>>15#61:10>>29#76:4>>7#87:27>>17#87:21>>33}={1,20,3,4,12,8,10,34,22,19,11#57:19>>30#80:11>>21#80:8>>24#86:22>>14#86:3>>23}
10:16={21_2:1#false-m45-s9-a32#true-m58-s20-a32#true-m61-s20-a17^#false-m81-ytrue-sfalse-p22#false-m82-ytrue-sfalse-p11#false-m90+4-ytrue-sfalse-p32}={1,30,17,3,37,42,8,32,6,34,20#39:34>>18#46:3>>28#46:6>>27#80:42>>9#87:20>>25}={27,4,13,32,19,10,23,15,6,9,29#65:23>>11#65:9>>7#65:29>>33#77:19>>22#87:10>>18}
12:6={16_1:2#false-m30-s7-a11#true-m76-s20-a9#false-m82-s7-a-p^#false-m25-ytrue-sfalse-p15#false-m46-ytrue-sfalse-p8#true-m80-ytrue-sfalse-p27}={1,20,3,2,5,27,16,8,32,39,11#46:8>>9#71:11>>23#71:39>>17#71:32>>6#88:2>>4}={1,4,13,29,3,35,27,16,15,11,7#46:27>>8#46:1>>40#67:29>>36#74:11>>9#85:16>>5}
14:2={5_1:3#false-m21-s26-a18#true-m27-s14-a7#false-m57-s9-a32#false-m61-s9-a32^#false-m14-ytrue-sfalse-p4#true-m37-ytrue-sfalse-p8#false-m88-ytrue-sfalse-p23#true-m90+2-ytrue-sfalse-p3}={1,30,3,20,29,9,16,7,8,11,14#29:14>>19#65:16>>27#65:9>>25#76:7>>10#76:8>>31}={33,24,45,7,4,16,32,6,9,18,26#63:4>>29#63:26>>8#75:32>>27#75:9>>10#83:18>>23}
18:3={18_1:6#false-m1-s42-a9#false-m7-s9-a7#false-m13-s22-a42-og#false-m43-s9-a11#false-m65-s17-a19#true-m82-s37-a27#false-m90+1-s9-a9-p^#false-m81-ytrue-sfalse-p16}={1,17,4,33,5,10,24,8,22,18,9#46:33>>27#46:4>>14#64:18>>20#76:8>>23#76:10>>37}={1,23,22,3,2,6,42,16,11,7,9#46:42>>25#46:7>>17#64:22>>19#64:23>>27#76:11>>39}
11:17={27_3:1#true-m47-s11-a9#true-m66-s21-a19#false-m74-s16-a26#true-m90+6-s7-a17^#false-m5-ytrue-sfalse-p29#false-m22-ytrue-sfalse-p21#true-m39-ytrue-sfalse-p9#true-m58-ytrue-sfalse-p8#true-m62-ytrue-sfalse-p13#true-m90+4-ytrue-sfalse-p21#false-m90+4-ytrue-sfalse-p3}={22,23,13,6,31,11,17,19,8,16,9#61:11>>3#62:16>>21#78:9>>7#83:13>>44#83:19>>10}={22,3,21,8,23,5,16,7,39,11,29#34:29>>17#46:39>>26#46:21>>2#84:11>>19#89:16>>25}
13:9={3_1:2#false-m8-s7-a11-p#true-m27-s7-a#false-m69-s19-a20^#true-m45-ytrue-sfalse-p19#true-m45+1-ytrue-sfalse-p31#false-m60-yfalse-sfalse-p32#false-m60-ytrue-sfalse-p1#true-m66-ytrue-sfalse-p2}={27,19,3,5,2,6,18,14,31,7,29#65:14>>11#79:19>>8#79:6>>30#79:2>>9#90:31>>4}={1,27,32,3,4,8,14,20,6,7,11#12:11>>17#67:27>>22#67:7>>19#90+1:17>>28#90+1:14>>42}
11:13={24_2:3#false-m13-s11-a2#false-m15-s29-a2#true-m25-s31-a6#false-m49-s29-a14#true-m57-s9-a13^#false-m28-ytrue-sfalse-p25#false-m33-ytrue-sfalse-p18#false-m35-ytrue-strue-p18#true-m70-yfalse-sfalse-p9#true-m84-ytrue-sfalse-p19#false-m90-ytrue-sfalse-p31#false-m90+7-ytrue-sfalse-p30#true-m90+12-ytrue-sfalse-p6#true-m90+11-ytrue-sfalse-p8-b}={22,23,13,6,31,11,17,19,8,16,9#46:23>>15#61:17>>10#72:16>>21#80:11>>7#80:8>>24}={27,19,25,3,2,6,18,14,31,29,11#39:11>>4#63:14>>5#88:29>>9#88:19>>30}
8:10={3_0:3#false-m54-s42-a18#false-m59-s32-a20#false-m65-s32-a9^#false-m57-ytrue-sfalse-p20#true-m74-ytrue-sfalse-p18}={1,2,19,5,6,23,33,10,14,17,18#60:2>>31#60:17>>8#60:14>>9#71:33>>39#71:10>>3}={1,28,30,17,3,42,8,32,6,20,18#63:18>>9#70:20>>23#81:30>>33#81:42>>44#81:32>>7}
9:3={7_0:5#false-m23-s17-a9#false-m32-s42-a17#false-m57-s9-a17#false-m60-s17-a#false-m65-s7-a9^#false-m38-ytrue-sfalse-p27#false-m68-ytrue-sfalse-p45#false-m77-ytrue-sfalse-p2}={1,27,3,5,4,8,14,20,6,7,17#46:17>>19#46:7>>42#66:6>>28#79:5>>22#87:27>>2}={26,19,3,2,6,27,42,17,45,11,9#57:11>>7#57:27>>22#70:45>>16#70:17>>10#76:9>>25}
15:7={15_2:1#true-m4-s15-a17#true-m6-s11-a15#false-m67-s21-a^#true-m23-ytrue-sfalse-p17#false-m50-ytrue-sfalse-p3#true-m71-ytrue-sfalse-p15#false-m79-ytrue-sfalse-p7#true-m85-ytrue-sfalse-p7#false-m89-ytrue-sfalse-p17}={1,5,4,15,2,19,11,8,13,16,17#46:17>>21#65:16>>7#70:19>>28#70:11>>20#76:15>>14}={1,25,4,2,3,7,22,16,10,21,27#46:4>>17#46:2>>15#58:10>>26#84:7>>29#90:22>>23}
16:18={17_2:2#false-m15-s9-a16#true-m22-s19-a9#true-m35-s7-a33#false-m89-s18-a7^#true-m39-ytrue-sfalse-p19#true-m48-ytrue-sfalse-p10#true-m77-ytrue-sfalse-p33#true-m78-ytrue-sfalse-p15#false-m90+4-ytrue-sfalse-p24}={27,4,13,32,19,7,10,15,6,9,33#16:4>>8#63:7>>11#63:9>>29#85:33>>24}={1,17,14,5,37,10,16,24,8,27,9#46:27>>23#64:10>>7#64:16>>20#79:14>>18#81:37>>22}
6:14={25_2:0#true-m30-s16-a36#true-m80-s7-a19^#false-m13-ytrue-sfalse-p8#true-m39-ytrue-sfalse-p3}={40,4,13,3,35,8,16,15,11,36,7#70:8>>26#78:11>>9#78:36>>19#85:7>>29#85:16>>18}={33,30,3,20,29,25,19,27,7,8,11#71:19>>31#71:8>>16#71:25>>14#79:27>>10}
1:12={22_4:3#false-m5-s23-a9-og#true-m14-s10-a34#true-m32-s4-a20#false-m37-s3-a16#false-m45+1-s32-a4#true-m49-s3-a24#true-m90+3-s22-a25^#true-m36-ytrue-sfalse-p44#true-m45+5-ytrue-sfalse-p20#false-m50-ytrue-sfalse-p11#true-m51-ytrue-sfalse-p21#false-m80-ytrue-sfalse-p5#true-m88-ytrue-sfalse-p30#false-m88-yfalse-sfalse-p31#false-m90+1-ytrue-sfalse-p1#false-m90+1-ytrue-sfalse-p27#false-m90+7-ytrue-sfalse-p16}={1,44,20,23,4,12,24,10,34,21,14#46:44>>3#46:23>>30#56:21>>11#68:14>>22#79:24>>25}={1,20,3,2,5,27,16,32,39,9,11#42:20>>4#71:11>>31#71:39>>6#71:32>>8#90+2:9>>18}
2:5={2_5:1#true-m4-s26-a7#true-m21-s9-a7#true-m62-s8-a16#false-m75-s9-a43#true-m80-s10-a8#true-m90-s26-a8^#true-m17-ytrue-sfalse-p18#false-m73-ytrue-sfalse-p23#false-m77-ytrue-sfalse-p20#false-m81-ytrue-sfalse-p5}={33,24,7,29,4,16,8,6,9,18,26#70:9>>32#70:24>>23#70:7>>45#78:4>>10#85:6>>27}={1,3,26,4,25,10,13,8,20,27,9#30:8>>43#46:26>>2#46:27>>5#63:13>>21#72:10>>23}
17:4={11_0:0^#false-m23-ytrue-sfalse-p8#true-m29-ytrue-sfalse-p23#true-m71-ytrue-sfalse-p26}={22,3,2,8,23,5,16,7,17,11,26#69:11>>29#69:2>>25#82:16>>24#89:17>>18}={1,3,16,4,22,14,8,13,10,9,30#62:9>>11#62:8>>18#62:14>>7#74:22>>39#74:30>>19}
5:16={5_4:2#false-m16-s19-a33#false-m21-s10-a#true-m44-s9-a10#true-m62-s23-a9-p#true-m75-s9-a27#true-m81-s8-a27^#true-m58-ytrue-sfalse-p2#true-m70-ytrue-sfalse-p13}={1,3,2,26,4,10,23,13,27,43,9#66:43>>16#74:10>>14#74:26>>5#74:13>>8#82:2>>25}={27,13,14,32,19,10,8,15,6,9,33#62:9>>29#72:33>>23#82:6>>11#82:19>>22}
4:11={21_4:0#true-m11-s30-a11#true-m15-s30-a22#true-m46-s11-a10#true-m57-s10-a30^#true-m42-ytrue-sfalse-p13#false-m78-ytrue-sfalse-p19#false-m83-ytrue-sfalse-p5}={1,3,23,4,22,8,13,10,7,11,30#65:7>>14#75:22>>39#75:8>>18#84:23>>5#84:30>>9}={22,23,13,6,31,11,17,19,8,16,21#58:16>>15#58:31>>5#68:11>>44#68:8>>24#78:21>>7}
10:17={10_0:3#false-m12-s26-a11#false-m45-s17-a26#false-m72-s26-a17^#true-m34-ytrue-sfalse-p28#true-m44-ytrue-sfalse-p17#false-m53-ytrue-sfalse-p11#false-m63-ytrue-sfalse-p2#true-m90+3-ytrue-sfalse-p27#false-m90+5-ytrue-sfalse-p18}={1,28,30,17,3,42,8,32,6,20,18#46:18>>7#64:17>>23#64:6>>9#74:20>>38#80:8>>27}={22,3,2,8,23,5,16,7,17,11,26#46:16>>24#77:11>>18#77:2>>25#83:26>>19#90:17>>10}
12:2={14_2:2#true-m20-s23-a9#false-m32-s8-a#true-m68-s9-a23#false-m90+7-s26-a7^#false-m24-ytrue-sfalse-p16#true-m45+1-ytrue-sfalse-p3#true-m55-ytrue-sfalse-p27#false-m63-ytrue-strue-p16#true-m79-ytrue-sfalse-p9#true-m90+2-ytrue-sfalse-p6#true-m90+4-ytrue-sfalse-p4}={1,3,2,4,5,27,16,32,9,11,23#65:11>>20#80:32>>6#86:9>>17#86:27>>8}={33,24,7,29,4,16,8,32,6,9,18#57:8>>26#71:9>>10#71:32>>27#86:18>>11#86:4>>15}
13:8={9_0:2#false-m15-s18-a19#false-m86-s3-a21^#true-m6-ytrue-sfalse-p25#true-m29-ytrue-strue-p25#false-m48-ytrue-sfalse-p23#true-m49-ytrue-sfalse-p3#false-m49-ytrue-sfalse-p6#false-m56-ytrue-sfalse-p5#true-m61-ytrue-sfalse-p31#false-m77-ytrue-sfalse-p18#false-m80-yfalse-sfalse-p39}={27,19,25,3,2,6,30,14,31,7,29#32:14>>16#61:19>>11#75:30>>4#75:7>>44#75:31>>8}={1,2,19,5,6,23,39,3,10,29,18#56:29>>14#70:23>>20#70:10>>21#89:18>>33}
14:15={19_1:0#true-m90+6-s31-a25^#false-m55-ytrue-sfalse-p14#true-m67-ytrue-sfalse-p7#true-m69-ytrue-sfalse-p29#true-m81-ytrue-sfalse-p14}={33,30,3,20,29,19,16,7,8,11,14#72:7>>25#76:16>>27#76:19>>31#90+7:14>>5}={1,5,4,15,2,19,11,8,13,16,17#46:15>>14#62:11>>7#72:16>>20#79:19>>28#79:17>>21}
3:1={27_1:1#false-m31-s8-a34#true-m39-s45-a^#true-m23-ytrue-sfalse-p2#false-m32-ytrue-sfalse-p8#false-m57-ytrue-sfalse-p10#false-m71-ytrue-sfalse-p20}={1,19,22,3,2,6,42,17,45,7,9#65:7>>11#78:17>>10#78:22>>27#86:9>>25}={1,30,20,3,4,12,8,10,34,22,11#58:11>>21#78:22>>19#90+1:10>>25#90+1:20>>44}
18:6={23_2:4#false-m25-s7-a35#true-m30-s18-a10-p#false-m47-s9-a7#true-m50-s18-a#false-m65-s7-a#false-m74-s35-a7^#false-m35-ytrue-sfalse-p5#true-m51-ytrue-sfalse-p8#false-m70-ytrue-sfalse-p4#false-m80-ytrue-sfalse-p16}={1,17,14,5,23,37,10,24,8,18,9#60:37>>22#67:8>>7#78:18>>20#78:5>>27}={40,5,4,13,3,35,8,26,16,7,9#46:5>>18#68:26>>20#68:9>>27#83:8>>36#86:16>>15}
7:9={18_3:4#true-m5-s21-a10#true-m8-s21-a17#true-m12-s23-a#false-m21-s22-a4#false-m26-s6-a7#false-m39-s6-a27#false-m49-s6-a8^#true-m10-ytrue-sfalse-p17#true-m18-yfalse-sfalse-p34#false-m22-ytrue-sfalse-p19#false-m73-ytrue-sfalse-p6#true-m78-ytrue-sfalse-p16#true-m90+3-ytrue-sfalse-p4#false-m90+4-ytrue-sfalse-p42}={1,25,3,34,7,11,22,17,10,21,23#27:10>>4#46:11>>16#46:22>>15#69:21>>33#76:3>>29}={1,27,3,19,22,4,8,14,20,6,7#58:4>>5#76:14>>28#76:19>>2#76:20>>42#88:7>>17}
11:14={2_2:1#true-m38-s31-a#true-m65-s20-a#false-m72-s11-a7^#false-m59-ytrue-sfalse-p8#true-m73-ytrue-sfalse-p8#false-m84-ytrue-sfalse-p28#false-m87-ytrue-sfalse-p20#false-m90+5-ytrue-sfalse-p25#true-m90+5-ytrue-sfalse-p23}={22,23,13,6,31,11,17,19,8,15,21#57:11>>44#57:15>>20#68:31>>5#85:8>>24}={33,30,3,20,29,16,7,8,31,11,14#46:30>>5#64:16>>27#64:31>>25#76:29>>22#81:14>>28}
1:18={11_2:2#true-m4-s22-a25#true-m8-s7-a25#false-m45+5-s14-a10#false-m69-s20-a37-p^#false-m60-ytrue-sfalse-p24#true-m68-ytrue-sfalse-p30#false-m90+1-ytrue-sfalse-p1#true-m90+6-ytrue-sfalse-p4}={1,30,20,4,12,8,7,25,10,34,22#60:7>>11#70:8>>3#70:25>>24#70:22>>14#77:30>>21}={1,17,4,14,37,10,6,24,8,7,18#46:18>>20#46:7>>9#71:37>>15#86:8>>3#86:10>>22}
9:10={25_0:1#false-m75-s42-a32^#false-m36-ytrue-sfalse-p8#true-m90+4-ytrue-sfalse-p22}={1,27,32,3,19,22,8,28,20,6,7#57:28>>10#79:27>>17#79:19>>2#86:6>>42#86:3>>15}={1,28,30,17,3,42,8,32,6,20,18#66:17>>37#66:18>>23#77:32>>27#83:30>>9#83:6>>33}
15:5={18_2:1#true-m26-s2-a16-p#true-m45-s7-a4#false-m62-s26-a10^#true-m15-ytrue-sfalse-p2#false-m17-ytrue-sfalse-p4#true-m41-ytrue-sfalse-p11#false-m83-ytrue-sfalse-p20#true-m84-ytrue-sfalse-p15#true-m89-ytrue-sfalse-p28#false-m90+4-ytrue-sfalse-p3#false-m90+6-ytrue-sfalse-p5}={1,5,4,15,28,2,11,36,8,16,7#60:2>>14#67:11>>13#67:36>>21#67:7>>17#77:16>>19}={1,3,2,26,4,10,23,13,14,43,9#63:13>>8#63:43>>21#76:23>>20#86:26>>5}
16:12={6_1:3#false-m21-s11-a9#false-m37-s23-a9#true-m72-s9-a29#false-m88-s23-a^#false-m38-ytrue-sfalse-p23#true-m38-ytrue-sfalse-p13#false-m56-ytrue-sfalse-p9}={27,13,20,32,19,10,8,15,6,9,33#60:10>>7#60:8>>29#88:20>>22#88:9>>23}={1,20,3,4,18,27,16,6,9,11,23#73:20>>2#73:11>>39#79:6>>8#79:16>>31#90+4:9>>21}
17:13={8_0:3#false-m5-s29-a2#false-m16-s11-a18#false-m62-s29-a18^#false-m20-ytrue-sfalse-p11#false-m79-ytrue-sfalse-p3#false-m88-ytrue-sfalse-p31}={22,3,2,8,23,5,7,39,17,11,26#63:39>>29#63:17>>10#83:23>>21#83:11>>18#90:26>>19}={27,19,3,5,2,6,18,31,7,29,11#65:11>>8#83:18>>14#90+1:29>>44}
8:4={22_0:1#false-m59-s11-a7^#true-m18-ytrue-sfalse-p19#false-m72-ytrue-sfalse-p10#true-m85-ytrue-sfalse-p9#false-m90+2-ytrue-sfalse-p16}={1,2,19,5,6,23,33,3,10,29,18#67:33>>31#67:23>>21#67:29>>8#83:10>>14#83:18>>9}={1,16,23,4,22,8,10,18,7,11,30#69:18>>3#69:22>>13#76:30>>9#76:10>>14#83:8>>39}
6:3={3_3:3#false-m15-s3-a25#true-m22-s7-a36#true-m35-s11-a7#false-m38-s2-a17#false-m53-s17-a9#true-m90+4-s7-a26^#false-m43-ytrue-sfalse-p25#true-m90+5-ytrue-sfalse-p7}={40,4,13,3,35,8,16,15,11,36,7#46:15>>18#66:11>>26#75:36>>19#75:16>>27#80:8>>20}={1,19,22,3,2,6,17,45,7,9,25#66:7>>11#72:9>>39#90:2>>15#90:45>>16#90:17>>27}
2:7={16_1:1#false-m44-s15-a27#true-m90+9-s9-a^#true-m26-ytrue-sfalse-p7#false-m45+3-ytrue-sfalse-p7#false-m55-ytrue-sfalse-p11#false-m66-ytrue-sfalse-p27#false-m71-ytrue-sfalse-p35}={33,24,45,7,29,16,8,6,18,10,26#46:16>>27#46:29>>4#62:10>>9#73:8>>32#73:18>>11}={1,25,4,15,7,11,22,16,21,23,27#15:4>>35#62:7>>17#62:23>>33#73:27>>26#73:21>>19}
5:17={15_2:1#true-m43-s5-a13#false-m78-s8-a18#true-m83-s9-a43^#false-m41-ytrue-sfalse-p8#true-m75-ytrue-sfalse-p43#true-m77-ytrue-sfalse-p10}={1,3,5,26,4,10,23,13,20,9,21#46:13>>43#69:23>>8#76:21>>14#90+5:10>>38}={22,3,2,8,23,5,7,39,17,11,29#69:29>>18#82:2>>25#88:11>>19#88:17>>10}
1:6={5_2:1#false-m16-s7-a7-p#true-m25-s8-a11#true-m72-s22-a10^#false-m28-ytrue-sfalse-p35#true-m67-ytrue-sfalse-p20#true-m70-ytrue-sfalse-p3}={1,30,20,3,4,12,8,34,21,22,11#64:11>>10#64:21>>24#80:22>>14#80:30>>19}={1,4,13,29,3,35,26,27,16,11,7#71:26>>8#71:27>>19#79:16>>18#79:35>>15#82:29>>20}
7:16={24_3:1#true-m11-s27-a#true-m64-s21-a7#false-m76-s2-a7#true-m90+3-s26-a29^#false-m55-ytrue-sfalse-p4#true-m82-ytrue-sfalse-p21}={1,25,35,15,7,11,22,16,21,23,27#72:22>>29#72:11>>17#80:35>>4#80:23>>26#90+2:27>>18}={27,4,20,32,10,8,23,24,15,29,33#46:10>>6#46:24>>11#46:23>>7#66:15>>2#77:29>>21}
10:11={7_3:1#true-m34-s32-a18#true-m37-s3-a32#true-m45+1-s30-a42#false-m65-s21-a20^#true-m24-ytrue-sfalse-p3#false-m89-ytrue-sfalse-p36}={1,28,30,17,3,42,8,32,6,20,18#65:18>>23#65:20>>38#76:32>>27#76:42>>37#87:30>>33}={22,23,13,6,5,11,17,19,8,9,21#46:11>>20#46:17>>44#56:9>>10#78:8>>36#85:19>>15}
13:4={27_0:2#false-m20-s10-a8#false-m37-s4-a11^#false-m53-ytrue-sfalse-p8#false-m60-ytrue-sfalse-p18#false-m89-ytrue-sfalse-p6#true-m90+1-ytrue-sfalse-p8}={27,19,21,3,5,2,6,18,7,29,11#59:11>>8#74:7>>44#87:5>>30#87:19>>17}={1,3,16,23,4,8,10,18,7,11,30#56:8>>44#74:18>>6#74:30>>39#74:7>>14#84:11>>9}
14:8={21_3:2#false-m12-s8-a3#true-m22-s3-a14#true-m62-s11-a14#true-m75-s11-a14-p#false-m80-s18-a-p^#true-m31-ytrue-sfalse-p25#false-m39-ytrue-sfalse-p3#true-m53-ytrue-sfalse-p11#false-m71-ytrue-sfalse-p5#false-m83-ytrue-sfalse-p20#true-m88-ytrue-sfalse-p8}={33,5,3,22,29,25,9,27,8,11,14#81:9>>31#81:25>>7#85:27>>16#90:29>>2#90:14>>10}={1,2,19,5,6,21,33,3,10,18,8#59:21>>31#68:8>>17#68:10>>29#81:2>>9#81:5>>20}
3:2={23_4:0#true-m57-s9-a6#true-m60-s9-a25#true-m80-s9-a16#true-m89-s11-a25^#false-m53-ytrue-sfalse-p26#false-m69-ytrue-sfalse-p18}={1,19,22,3,2,6,17,45,7,9,25#8:45>>16#68:22>>27#68:7>>11#68:17>>10#82:2>>8}={33,24,3,29,4,16,32,6,9,18,26#66:9>>8#66:3>>7#74:18>>11#74:26>>10#86:4>>45}
18:15={10_0:2#false-m18-s36-a15#false-m89-s15-a20^#true-m66-ytrue-sfalse-p3#false-m73-ytrue-sfalse-p1#true-m79-ytrue-sfalse-p22}={1,17,4,3,37,6,24,8,22,11,9#34:11>>7#46:24>>18#68:4>>27#79:8>>15#79:37>>20}={1,5,4,15,28,2,36,8,21,16,7#27:21>>11#75:16>>17#75:7>>20#87:17>>24#87:36>>19}
12:9={19_2:4#true-m19-s11-a18#false-m45+5-s8-a7#false-m51-s27-a17#false-m67-s7-a8#false-m72-s17-a7#true-m79-s21-a^#true-m42-ytrue-sfalse-p27#true-m68-yfalse-sfalse-p39#false-m87-ytrue-sfalse-p2}={1,20,3,4,18,27,16,8,9,11,23#42:27>>31#65:4>>39#65:20>>2#78:23>>21}={1,27,32,3,22,8,10,14,20,7,17#23:3>>5#84:27>>19#84:22>>2#84:17>>42#90+5:7>>15}
13:14={17_1:1#true-m55-s22-a8-og#false-m57-s11-a9^#false-m40-ytrue-sfalse-p29#true-m74-ytrue-sfalse-p19#false-m80-ytrue-sfalse-p16#true-m89-ytrue-sfalse-p30#true-m90+4-ytrue-sfalse-p18}={27,19,3,5,2,6,18,31,7,8,29#20:29>>11#81:7>>14#87:19>>30#87:11>>44}={33,5,3,22,29,25,9,27,8,11,14#58:14>>7#72:27>>16#72:25>>31#90+3:9>>2}
2:18={11_2:1#true-m19-s26-a10#true-m61-s10-a24#false-m84-s37-a19^#false-m31-ytrue-sfalse-p15#true-m49-ytrue-sfalse-p4#true-m63-ytrue-sfalse-p24#false-m66-ytrue-sfalse-p22#true-m66-ytrue-strue-p24#false-m71-ytrue-sfalse-p37#false-m80-ytrue-sfalse-p14#false-m81-ytrue-sfalse-p20#false-m88-ytrue-strue-p20}={33,24,45,7,4,8,32,6,18,10,26#62:32>>27#62:10>>9#70:8>>29#70:26>>16#87:18>>3}={1,17,4,14,37,6,24,8,15,20,9#46:9>>7#58:24>>22#70:8>>27#70:15>>18#80:14>>19}
4:10={14_3:1#false-m15-s42-a32#true-m47-s4-a39#true-m58-s3-a11#true-m78-s11-a19^#false-m38-ytrue-sfalse-p20#false-m46-ytrue-sfalse-p3#true-m80-ytrue-sfalse-p11#true-m88-ytrue-sfalse-p18#true-m37-ytrue-sfalse-p3}={1,3,39,23,4,14,8,44,7,11,30#46:1>>26#65:8>>18#65:30>>19#80:3>>16#80:23>>5}={1,30,17,3,37,42,32,27,6,20,18#68:20>>38#68:32>>23#68:17>>25#87:18>>9#87:30>>28}
11:5={12_2:1#false-m4-s21-a9#true-m25-s20-a11#true-m50-s20-a^#true-m42-ytrue-sfalse-p13#false-m71-ytrue-sfalse-p42#true-m73-ytrue-sfalse-p21#true-m87-ytrue-sfalse-p6#false-m90+4-ytrue-sfalse-p5#false-m90+9-ytrue-strue-p42}={22,13,6,5,31,11,20,17,19,8,21#75:21>>9#75:11>>44#82:20>>7#82:5>>23#82:19>>10}={1,3,5,26,4,10,8,20,43,9,21#46:3>>23#46:20>>13#63:8>>14#68:26>>42#88:21>>37}
17:12={18_0:0^#false-m76-ytrue-sfalse-p16#false-m82-ytrue-sfalse-p21#false-m90-ytrue-sfalse-p19}={22,3,2,8,23,5,16,7,11,29,10#66:10>>17#82:11>>18#87:16>>39}={1,20,2,4,21,18,31,8,9,11,23#67:2>>16#78:23>>19#89:9>>17}
9:1={2_2:2#false-m30-s22-a30#true-m74-s7-a22#false-m77-s27-a14-og#true-m90-s20-a11^#true-m50-ytrue-sfalse-p8#false-m88-ytrue-sfalse-p3}={1,27,32,22,5,8,10,14,20,7,17#68:10>>11#82:17>>15#82:5>>3#82:27>>19#86:22>>42}={1,30,20,3,4,12,8,10,34,22,11#70:22>>14#82:11>>24}
16:3={9_0:5#false-m16-s17-a#false-m26-s42-a6#false-m57-s9-a42#false-m65-s10-a#false-m71-s11-a19^#true-m12-ytrue-sfalse-p15#false-m45+1-ytrue-sfalse-p42}={27,4,13,14,20,32,10,8,15,6,29#46:15>>2#61:14>>7#71:29>>33#71:10>>23#85:6>>24}={1,19,3,2,6,27,42,17,16,11,9#61:42>>25#61:17>>10#61:16>>8#69:9>>39#78:3>>15}
15:6={16_1:1#false-m14-s27-a15#true-m66-s16-a24^#true-m30-ytrue-sfalse-p36#false-m38-ytrue-sfalse-p3#true-m38-ytrue-sfalse-p4#false-m74-ytrue-sfalse-p35#false-m76-ytrue-strue-p3#true-m84-ytrue-sfalse-p28#true-m87-ytrue-sfalse-p2#true-m89-ytrue-sfalse-p13}={1,5,4,15,28,2,11,36,8,16,7#65:15>>24#65:36>>13#65:11>>17#76:16>>21#84:7>>20}={1,4,13,3,35,27,16,15,11,36,7#38:13>>26#65:11>>9#65:27>>8#82:36>>5#82:7>>21}
8:7={8_0:0^#true-m32-ytrue-sfalse-p18#false-m33-ytrue-sfalse-p16#false-m90-ytrue-sfalse-p10}={1,19,5,6,23,39,33,3,10,18,8#70:39>>31#70:18>>14#84:10>>21}={1,25,15,34,7,11,22,16,21,23,27#58:11>>17#58:15>>3#67:21>>10#83:7>>18#83:34>>35}
1:2={21_0:0^#true-m30-ytrue-sfalse-p8#true-m42-ytrue-sfalse-p23#true-m51-ytrue-sfalse-p34#false-m52-ytrue-sfalse-p16#false-m56-ytrue-sfalse-p8#false-m68-ytrue-sfalse-p45#false-m68-ytrue-sfalse-p6}={1,30,20,3,23,4,12,8,10,34,22#54:23>>7#86:30>>19#86:8>>25#86:22>>14}={33,45,7,29,4,16,8,6,18,10,26#8:18>>32#58:7>>3#58:32>>27#80:8>>9#80:10>>2}
3:15={15_3:0#true-m15-s9-a17-p#true-m43-s11-a9#true-m51-s9-a11^#false-m31-ytrue-sfalse-p36#false-m84-ytrue-sfalse-p8}={1,19,22,3,2,6,42,17,16,11,9#69:3>>8#69:17>>10#69:16>>15#74:42>>25#80:19>>49}={1,5,4,14,28,2,11,36,8,16,17#60:16>>7#60:17>>21#69:36>>13#69:11>>19#80:2>>26}
6:16={19_7:2#true-m9-s11-a7#true-m18-s7-a#true-m20-s36-a#true-m32-s21-a34#false-m35-s10-a4#false-m51-s33-a15#true-m61-s18-a15#true-m66-s20-a7#true-m69-s11-a18^#false-m38-ytrue-sfalse-p20#true-m50-ytrue-sfalse-p36#false-m77-ytrue-sfalse-p33}={1,21,34,4,35,18,15,19,11,36,7#65:19>>20#73:7>>9#73:15>>16#73:4>>22#82:35>>5}={27,4,20,32,10,8,23,15,6,29,33#32:32>>21#46:23>>14#46:29>>19#67:15>>2#82:33>>7}
7:17={22_0:2#false-m20-s17-a7#false-m90+3-s19-a7^#false-m64-ytrue-sfalse-p29}={1,35,15,34,7,11,22,16,21,23,27#46:23>>26#66:21>>10#66:22>>19#85:35>>3#85:15>>29}={22,3,2,8,23,5,16,7,17,11,29#50:23>>21#80:17>>39#88:2>>25#88:11>>19}
12:11={5_1:1#false-m34-s21-a31#true-m82-s9-a21^#false-m74-ytrue-sfalse-p5#false-m77-ytrue-sfalse-p8#false-m87-ytrue-sfalse-p9#true-m88-ytrue-sfalse-p9}={1,20,2,4,21,18,27,24,9,11,23#57:2>>17#57:23>>19#68:19>>31#80:20>>16#80:11>>10}={22,13,6,5,31,11,20,17,19,8,21#66:20>>7#66:21>>9#77:8>>10#77:11>>44}
18:8={26_1:0#true-m28-s4-a14^#false-m17-ytrue-sfalse-p4#false-m33-ytrue-sfalse-p5#true-m35-ytrue-sfalse-p37#true-m38-ytrue-sfalse-p22#true-m59-ytrue-sfalse-p8#false-m67-ytrue-sfalse-p6#false-m70-ytrue-sfalse-p3#false-m76-ytrue-sfalse-p18#true-m84-ytrue-sfalse-p24}={1,17,4,14,37,6,24,27,22,7,19#46:17>>23#46:37>>8#78:27>>3#78:7>>15#85:19>>9}={1,19,5,6,4,23,39,3,10,18,8#46:4>>17#74:39>>14#74:5>>29#85:18>>31#85:10>>21}
5:4={23_2:1#false-m27-s30-a11#true-m30-s14-a8#true-m65-s9-a14^#false-m8-ytrue-sfalse-p14#true-m21-ytrue-sfalse-p14#true-m34-ytrue-sfalse-p5#false-m35-ytrue-sfalse-p39#false-m40-ytrue-sfalse-p3#false-m81-ytrue-sfalse-p44#true-m90+7-ytrue-sfalse-p46}={33,5,4,10,23,13,8,20,14,43,9#67:20>>46#79:43>>21#90+4:14>>37}={1,3,39,16,4,14,8,18,7,11,30#64:14>>6#64:8>>44#70:30>>9#70:39>>5#82:7>>20}
10:13={3_0:0^#false-m44-ytrue-sfalse-p7#false-m70-ytrue-sfalse-p16#true-m90+2-ytrue-sfalse-p25}={1,28,30,17,3,42,8,32,6,20,18#66:32>>7#66:8>>27#66:3>>37#72:20>>38#88:42>>25}={27,16,19,5,2,6,18,31,7,8,29#46:29>>11#74:18>>14#90:19>>30#90+3:8>>22}
14:9={7_4:1#true-m11-s14-a11#true-m12-s32-a9-og#true-m45-s9-a11#true-m66-s7-a11#false-m75-s42-a7^#false-m19-ytrue-sfalse-p27#false-m22-ytrue-sfalse-p8#false-m53-ytrue-sfalse-p14#true-m79-ytrue-sfalse-p3#false-m82-ytrue-strue-p8}={33,5,3,29,26,25,9,27,8,11,14#63:14>>7#71:25>>10#71:11>>31#77:26>>2#77:9>>19}={1,27,32,22,5,8,10,14,20,7,11#46:22>>13#46:5>>3#46:27>>19#68:11>>42#81:10>>15}
15:10={18_0:0^#true-m19-ytrue-sfalse-p8#true-m56-ytrue-sfalse-p2}={1,5,4,28,2,11,36,8,24,16,7#72:16>>13#73:7>>21#73:11>>17#78:24>>14#84:36>>19}={1,28,30,17,3,42,8,32,6,20,18#77:20>>9#77:6>>27#77:17>>37#90+2:32>>23}
9:18={24_2:1#true-m36-s6-a#false-m48-s19-a14#true-m89-s15-a42^#true-m25-ytrue-sfalse-p32#true-m30-ytrue-sfalse-p6#true-m50-ytrue-sfalse-p14#false-m68-ytrue-sfalse-p6#false-m90+2-ytrue-sfalse-p24}={1,27,32,3,19,13,14,20,6,7,11#46:6>>10#66:11>>42#78:7>>15#78:32>>4#88:19>>2}={1,17,4,14,37,6,24,27,22,7,19#62:37>>8#72:7>>10#72:27>>18#85:19>>20}
13:5={2_3:1#true-m36-s7-a19#false-m40-s9-a9-p#true-m45+3-s29-a21#true-m54-s8-a2^#false-m27-yfalse-sfalse-p23#false-m28-ytrue-sfalse-p4#true-m32-ytrue-sfalse-p8#true-m45-ytrue-sfalse-p31#true-m86-ytrue-sfalse-p27}={27,16,19,21,2,6,18,31,7,8,29#80:21>>30#85:8>>14#90:7>>11#90:29>>9}={33,26,4,10,23,13,8,20,14,43,9#59:8>>49#59:14>>21#59:43>>2#74:26>>42#74:10>>37}
16:1={11_1:1#false-m18-s14-a10#true-m89-s23-a^#false-m77-ytrue-sfalse-p14}={27,13,14,32,19,8,15,6,29,33,21#69:21>>2#69:8>>7#69:29>>23#78:15>>10#90+3:14>>20}={1,30,20,3,4,12,8,7,10,34,14#64:7>>19#77:14>>22#87:30>>24}
17:3={10_0:1#false-m22-s42-a^#true-m64-ytrue-sfalse-p29#false-m66-ytrue-sfalse-p3#true-m66-ytrue-sfalse-p2#false-m90+2-ytrue-sfalse-p27}={22,3,21,2,8,5,16,7,17,11,29#74:17>>39#81:11>>19#89:8>>25#89:16>>10}={1,19,22,3,2,8,6,42,11,9,10#69:11>>7#70:22>>27#82:8>>16#82:10>>17#90:42>>25}
4:14={8_0:0^#false-m41-ytrue-sfalse-p25#false-m44-ytrue-sfalse-p27#true-m51-ytrue-sfalse-p18#true-m89-ytrue-sfalse-p8}={1,5,39,16,4,14,44,18,7,11,9#67:9>>30#67:39>>8#81:18>>13#81:14>>20}={33,5,3,29,26,25,9,27,8,11,14#72:14>>10#72:27>>16#81:9>>19#81:25>>31#90:26>>2}
11:7={17_0:0^#false-m1-ytrue-sfalse-p3#false-m35-ytrue-sfalse-p21#true-m71-ytrue-sfalse-p13#true-m75-ytrue-sfalse-p20#false-m87-ytrue-sfalse-p25}={22,13,6,5,31,11,20,17,10,19,21#66:10>>36#67:21>>9#75:20>>15#90+2:13>>3}={1,25,35,19,3,7,11,16,17,21,27#60:21>>26#60:17>>23#78:16>>15#78:3>>4}
2:6={27_2:3#false-m45-s11-a7#false-m55-s21-a36#false-m62-s7-a#true-m86-s4-a27#true-m90-s11-a6^#false-m26-ytrue-sfalse-p35#true-m57-ytrue-sfalse-p24#true-m87-ytrue-sfalse-p8#false-m90+2-ytrue-sfalse-p8}={33,24,7,29,4,27,16,8,32,6,9#61:16>>10#61:32>>17#75:29>>3#75:9>>11}={1,21,34,4,3,35,26,16,15,11,7#46:26>>36#56:16>>27#78:34>>19#78:11>>8#85:21>>9}
8:12={16_1:3#false-m3-s31-a9#false-m42-s24-a39#true-m64-s18-a6#false-m90-s11-a17^#true-m45+1-ytrue-sfalse-p19#false-m48-ytrue-sfalse-p2#false-m70-ytrue-sfalse-p39#false-m74-ytrue-sfalse-p5#false-m78-ytrue-sfalse-p1#false-m84-ytrue-sfalse-p11#false-m90+1-ytrue-sfalse-p17}={1,19,5,6,23,39,3,10,17,18,8#57:19>>9#57:39>>21#77:10>>14#87:18>>11#87:8>>31}={1,20,2,4,21,18,27,24,31,39,9#20:21>>5#71:9>>11#71:39>>23#80:2>>17#80:24>>8}
3:11={19_3:0#true-m63-s9-a-p#true-m90+3-s9-a9-p#true-m90+5-s9-a8^#false-m47-ytrue-sfalse-p31#false-m90+3-ytrue-strue-p31}={1,19,22,3,2,8,6,42,17,11,9#76:17>>10#76:11>>7#76:22>>27#88:42>>25#90+4:19>>23}={22,13,6,5,31,11,20,10,19,8,21#38:13>>3#69:10>>36#69:21>>9#78:11>>44#78:20>>16}
1:8={7_5:2#false-m10-s39-a18#false-m21-s17-a39#true-m30-s25-a34#true-m32-s14-a25#true-m52-s14-a10#true-m71-s14-a13#true-m82-s34-a19}={1,30,20,3,4,12,24,25,10,34,14#45+3:30>>19#69:24>>13#77:25>>8#77:10>>11}={1,19,5,6,23,21,39,33,3,17,18#28:18>>10#62:17>>29#62:39>>8#62:21>>31#84:33>>20}
2:16={3_2:0#true-m53-s27-a20#true-m78-s17-a32^#true-m6-ytrue-sfalse-p24#false-m28-ytrue-sfalse-p6#true-m71-ytrue-sfalse-p8#false-m72-ytrue-sfalse-p33#false-m90-ytrue-sfalse-p19}={33,24,7,29,20,4,27,16,8,9,11#57:11>>6#77:8>>32#77:27>>17#85:20>>45#86:24>>3}={27,13,14,32,19,8,15,6,29,33,21#64:6>>10#64:21>>5#79:15>>11#79:8>>23#87:29>>7}
5:10={5_4:0#true-m7-s14-a5#true-m40-s8-a43#true-m66-s10-a#true-m77-s43-a5^#false-m58-ytrue-sfalse-p6#false-m63-ytrue-strue-p6#true-m80-ytrue-sfalse-p2#false-m90+3-yfalse-sfalse-p20}={1,3,5,26,4,10,8,20,14,43,21#69:20>>13#78:5>>2#78:10>>7#78:43>>16#82:26>>42}={1,28,30,17,3,42,8,32,27,6,9#61:27>>20#61:17>>37#73:42>>23#73:32>>25#81:9>>33}
7:4={26_4:3#false-m15-s4-a7#true-m17-s23-a22#false-m19-s7-a11#true-m50-s7-a#false-m67-s34-a7-og#true-m82-s23-a29#true-m87-s29-a16^#true-m75-ytrue-sfalse-p27#false-m85-ytrue-sfalse-p23#true-m90-ytrue-sfalse-p3}={1,35,3,34,7,22,16,21,23,27,26#61:26>>10#81:7>>17#81:27>>29#86:22>>25}={1,39,16,23,4,14,44,18,7,11,30#46:16>>3#60:18>>13#60:30>>20#77:44>>8#82:11>>19}
12:15={23_1:0#true-m71-s20-a24^#true-m15-ytrue-sfalse-p39#false-m45+1-ytrue-sfalse-p2#false-m90+2-ytrue-sfalse-p20}={1,20,2,4,21,18,27,24,39,9,11#62:11>>10#63:39>>23#79:9>>8#79:24>>31#90+3:20>>5}={1,5,4,28,2,19,36,8,24,17,7#9:4>>14#46:7>>16#46:24>>15#70:19>>11#82:8>>20}
6:9={2_1:0#true-m45-s27-a11^#false-m27-ytrue-sfalse-p19#false-m54-ytrue-sfalse-p14#true-m56-ytrue-sfalse-p7#true-m90+4-ytrue-sfalse-p15}={1,21,34,4,3,35,27,15,11,36,7#66:36>>19#81:7>>8#81:27>>16#89:11>>9}={1,32,19,4,13,8,10,14,20,7,17#63:17>>11#77:10>>42#77:19>>2#86:4>>5#86:14>>28}
18:13={22_0:3#false-m11-s18-a8#false-m37-s29-a-p#false-m53-s7-a19^#true-m56-ytrue-sfalse-p4}={1,17,4,14,10,6,27,22,7,19,18#33:18>>8#33:27>>37#46:10>>9#72:14>>15#76:7>>33}={27,16,19,21,2,6,18,31,7,8,29#69:7>>14#80:19>>30#80:29>>11#90+1:2>>22#90+1:31>>25}
14:17={4_2:0#true-m13-s14-a5#true-m44-s11-a25^#true-m54-ytrue-sfalse-p26}={33,5,3,29,26,25,9,27,8,11,14#21:29>>22#66:25>>7#66:14>>10#66:26>>2#90+1:27>>16}={22,4,2,8,23,5,16,7,17,11,29#68:11>>20#83:16>>10#90+3:29>>19}
17:18={27_3:1#true-m25-s2-a11#true-m56-s29-a11#true-m85-s11-a23#false-m90+1-s19-a9^#false-m23-ytrue-sfalse-p10#false-m23-ytrue-sfalse-p18-b#false-m27-ytrue-sfalse-p6#false-m38-ytrue-sfalse-p17#true-m38-ytrue-sfalse-p8#true-m86-ytrue-sfalse-p17#false-m90+2-ytrue-sfalse-p4}={22,4,2,8,23,5,16,7,17,11,29#71:2>>21#74:29>>10#89:11>>19#90:17>>20}={1,17,4,14,10,6,24,8,22,20,19#59:20>>18#68:10>>9#68:14>>27#77:24>>37#77:8>>23}
4:12={17_1:5#false-m4-s9-a20#false-m5-s11-a39#false-m16-s9-a24#false-m64-s21-a4#true-m82-s4-a11#false-m90+1-s17-a32^#true-m26-ytrue-sfalse-p14#true-m52-ytrue-sfalse-p18#false-m57-ytrue-sfalse-p2}={1,3,39,23,4,14,8,44,7,11,30#30:23>>13#46:8>>18#69:30>>19#77:44>>24#77:14>>47}={1,20,2,4,21,18,27,24,39,9,11#69:2>>31#76:11>>10#76:39>>32#85:9>>8#85:24>>17}
9:2={16_2:2#true-m6-s11-a7#false-m20-s9-a7#true-m77-s6-a#false-m85-s9-a6^#false-m54-ytrue-sfalse-p6#true-m87-ytrue-sfalse-p7}={1,32,19,4,13,8,10,14,20,7,11#67:10>>6#83:32>>3#83:11>>15#90:20>>17}={33,24,45,7,20,4,27,16,32,6,9#67:32>>11#67:24>>3#80:16>>8#80:20>>17#89:7>>29}
10:14={11_3:1#true-m41-s9-a38#true-m49-s42-a9#false-m61-s11-a26#true-m62-s9-a32^#false-m53-ytrue-sfalse-p25#true-m70-ytrue-sfalse-p27}={1,28,30,17,3,42,8,32,27,38,9#71:32>>23#71:38>>34#82:17>>37#89:42>>25#89:9>>26}={33,5,3,29,26,25,9,27,8,11,14#62:25>>19#62:26>>22#78:9>>31#78:27>>7#78:8>>16}
11:16={18_1:0#true-m38-s21-a20-p^#true-m17-ytrue-sfalse-p20#true-m26-ytrue-sfalse-p11#false-m68-ytrue-sfalse-p32#false-m72-ytrue-sfalse-p20#true-m82-ytrue-sfalse-p15#false-m83-ytrue-sfalse-p5}={22,23,6,5,11,20,17,44,19,8,21#59:21>>9#80:8>>10#80:20>>15}={27,13,14,20,32,19,7,8,15,29,33#46:14>>5#59:29>>23#59:7>>11#65:8>>6#75:32>>21}
15:1={8_1:2#false-m2-s30-a20#true-m29-s11-a16#false-m71-s14-a10^#false-m21-ytrue-sfalse-p8#true-m28-ytrue-sfalse-p15#true-m63-ytrue-sfalse-p14#true-m67-ytrue-sfalse-p28#true-m90+3-ytrue-sfalse-p24#false-m90+4-ytrue-sfalse-p23}={1,5,14,15,28,2,11,36,8,21,16#68:21>>7#79:8>>13#79:11>>24#79:28>>18#85:14>>10}={1,13,30,20,3,4,12,8,24,34,14#58:24>>10#58:8>>25#79:30>>19#79:13>>23}
5:3={14_1:1#true-m27-s43-a4#false-m85-s42-a17^#true-m71-ytrue-sfalse-p26#false-m88-ytrue-sfalse-p10#false-m90+3-ytrue-sfalse-p2#true-m90+5-ytrue-sfalse-p14}={1,3,5,26,4,13,8,20,14,43,9#18:3>>25#74:43>>21#74:26>>2#90:20>>7}={1,19,3,2,8,6,27,42,9,10,39#33:9>>25#62:39>>11#62:27>>23#80:3>>17}
13:7={21_2:0#true-m4-s29-a7#true-m24-s29-a19^#true-m16-ytrue-sfalse-p2#false-m28-ytrue-sfalse-p27#false-m32-ytrue-sfalse-p3#false-m47-ytrue-sfalse-p16}={27,16,19,21,2,6,18,31,7,8,29#73:19>>30#87:8>>14#90+1:2>>22#90+1:29>>11}={1,25,3,34,7,22,16,29,23,27,26#46:3>>15#68:26>>33#68:27>>19#79:29>>10#79:22>>8}
8:6={9_0:4#false-m22-s7-a21#false-m49-s8-a21#false-m58-s7-a21#false-m90+4-s11-a36^#false-m33-ytrue-sfalse-p35#false-m90+3-ytrue-sfalse-p3}={1,2,19,5,6,39,33,3,10,29,8#46:10>>31#55:33>>9#55:8>>17#68:29>>14#82:39>>21}={1,21,4,13,3,35,27,16,15,7,9#46:9>>8#68:35>>34#68:27>>36#73:21>>11#79:16>>6}
2:15={25_3:2#false-m37-s5-a13#false-m48-s24-a11#true-m51-s11-a9#true-m59-s11-a16#true-m69-s16-a^#true-m34-ytrue-sfalse-p7#false-m45+2-ytrue-sfalse-p1#false-m60-ytrue-sfalse-p21#false-m90+5-ytrue-sfalse-p5#false-m90+5-ytrue-sfalse-p4#false-m90+5-ytrue-sfalse-p7#false-m90+5-ytrue-sfalse-p8}={33,45,7,29,20,4,27,16,8,6,9#46:20>>11#75:29>>24#76:27>>3#90+1:8>>32#90+6:9>>5}={1,5,4,14,15,11,8,13,21,24,16#66:21>>36#70:11>>17#84:24>>18#85:13>>7#85:14>>9}
1:17={15_2:1#true-m6-s10-a34#true-m21-s4-a24#false-m84-s29-a10^#true-m28-ytrue-sfalse-p3#false-m37-ytrue-sfalse-p29#false-m75-ytrue-sfalse-p2#false-m90+3-ytrue-sfalse-p25}={1,13,20,3,4,12,24,25,10,34,19#60:25>>30#78:20>>44#79:10>>11#87:19>>8}={22,4,2,8,23,5,16,7,17,11,29#79:16>>10#82:17>>20#89:2>>21#89:4>>25#89:11>>19}
3:8={24_4:2#true-m18-s2-a6#false-m50-s17-a#true-m56-s42-a17#true-m84-s8-a10#false-m85-s39-a8#true-m90+1-s42-a22^#true-m87-ytrue-sfalse-p18}={18,23,19,22,3,2,6,17,45,25,10#51:25>>42#71:45>>8#71:17>>11#90+2:11>>20#90+2:22>>27}={1,19,5,6,4,23,20,33,3,10,17#64:20>>14#65:10>>31#71:3>>39#78:5>>21#79:17>>8}
6:11={7_2:2#true-m55-s11-a36#false-m60-s21-a8#false-m71-s9-a10#true-m74-s20-a^#false-m1-ytrue-sfalse-p31#true-m12-ytrue-sfalse-p29#false-m90+5-ytrue-sfalse-p16#true-m90+5-ytrue-sfalse-p4}={1,4,13,29,3,35,8,18,11,36,7#46:29>>21#72:18>>6#72:8>>20#72:36>>19#90:11>>9}={22,6,5,31,11,17,44,19,8,9,21#67:44>>2#67:8>>10#79:21>>16#80:11>>23}
16:9={5_0:1#false-m56-s6-a7^#false-m27-ytrue-sfalse-p14#true-m29-ytrue-sfalse-p32}={27,5,14,20,32,19,23,15,6,33,21#72:23>>10#72:32>>11#77:33>>29#77:6>>24#86:15>>2}={1,32,3,19,4,8,14,20,6,7,11#57:11>>15#76:7>>17#76:14>>10#90+1:19>>2#90+1:20>>5}
18:4={2_0:2#false-m27-s30-a#false-m69-s19-a11-p^#true-m35-ytrue-sfalse-p37#false-m56-ytrue-sfalse-p11#true-m67-ytrue-sfalse-p1#true-m68-ytrue-sfalse-p15#false-m74-ytrue-sfalse-p18#false-m83-ytrue-sfalse-p39#true-m90-ytrue-sfalse-p11}={1,14,23,37,6,24,8,22,15,19,18#46:24>>7#62:37>>10#74:15>>11#80:18>>9}={1,3,39,4,14,8,13,18,7,11,30#63:30>>19#63:3>>16#63:8>>24#90+1:18>>44#90+3:14>>31}
14:5={23_1:1#false-m65-s43-a4#true-m71-s7-a11-p^#true-m30-ytrue-sfalse-p8#false-m47-ytrue-sfalse-p4#false-m70-ytrue-sfalse-p13#true-m90+4-ytrue-sfalse-p31#true-m90+5-ytrue-strue-p31}={33,30,3,29,26,9,27,7,8,11,14#75:14>>25#75:7>>16#89:9>>19#89:11>>31#90+7:27>>5}={1,5,26,4,25,13,8,20,14,43,9#58:14>>21#78:13>>7#83:25>>23}
12:13={10_4:3#false-m11-s8-a7#true-m19-s9-a11#false-m39-s29-a16#true-m57-s11-a9#false-m66-s8-a29#true-m84-s23-a21#true-m90+4-s23-a27^#true-m21-ytrue-sfalse-p20#true-m22-ytrue-sfalse-p27#false-m43-ytrue-sfalse-p18#false-m45+2-ytrue-sfalse-p7#false-m56-ytrue-sfalse-p31#true-m68-ytrue-sfalse-p11#false-m90+1-ytrue-sfalse-p5}={1,20,2,4,21,18,27,24,39,9,11#46:39>>23#69:9>>10#69:24>>31#81:11>>17#81:2>>16}={27,16,19,21,2,6,18,31,7,8,29#5:21>>25#84:19>>30#84:8>>14#89:25>>5}
7:10={14_1:1#false-m68-s28-a32#true-m73-s7-a33^#false-m26-ytrue-sfalse-p6#true-m81-ytrue-sfalse-p8}={1,35,15,34,7,22,18,16,29,23,27#72:18>>8#72:27>>33#78:29>>10#82:23>>25}={1,28,30,17,3,42,8,27,6,38,9#60:6>>32#69:38>>34#69:17>>37#81:9>>18#81:30>>33}
10:12={22_3:2#true-m42-s17-a9#true-m51-s17-a38#true-m61-s38-a42#false-m75-s23-a20#false-m83-s32-a31^#true-m22-ytrue-sfalse-p17#true-m31-ytrue-sfalse-p38#true-m76-ytrue-sfalse-p37#true-m85-ytrue-sfalse-p8#false-m88-ytrue-sfalse-p18}={1,28,30,17,3,42,8,32,6,38,9#62:17>>37#62:38>>18#70:32>>34#70:30>>33#86:42>>25}={1,20,2,4,21,18,27,24,39,9,11#46:11>>23#57:24>>31#57:39>>32#80:2>>10#89:9>>17}
11:1={27_0:2#false-m14-s11-a30#false-m40-s10-a19^#true-m12-ytrue-sfalse-p19#true-m44-ytrue-sfalse-p6#true-m54-ytrue-sfalse-p21}={22,13,6,5,31,11,17,10,19,9,21#46:10>>36#59:13>>44#59:21>>20#76:9>>16#87:19>>15}={1,30,20,3,4,12,8,10,34,19,11#69:11>>14#87:8>>25#87:19>>24#90+2:30>>13#90+2:20>>44}
13:3={26_2:1#true-m41-s7-a11#true-m60-s7-a11#false-m87-s10-a^#true-m49-ytrue-sfalse-p31#false-m78-ytrue-sfalse-p6#true-m90-ytrue-sfalse-p2#false-m90+5-ytrue-sfalse-p27#true-m90+6-ytrue-sfalse-p18}={27,16,19,3,2,6,18,31,7,8,29#15:29>>11#77:11>>9#84:8>>14}={18,15,22,3,6,27,42,17,45,25,10#58:22>>23#58:45>>8#64:15>>39}
14:18={19_4:1#true-m1-s11-a9#true-m26-s25-a30#false-m30-s8-a#true-m43-s14-a9#true-m79-s14-a27^#true-m69-ytrue-sfalse-p29#false-m77-ytrue-sfalse-p22}={33,30,3,29,26,25,9,27,16,11,14#80:26>>5#80:25>>20#86:29>>2#86:9>>22#86:27>>7}={1,14,23,37,10,6,8,22,15,7,19#46:19>>11#46:15>>9#62:10>>18#73:7>>33#83:37>>24}
15:16={17_1:1#false-m23-s6-a15#true-m33-s16-a24^#false-m13-yfalse-sfalse-p23#true-m37-ytrue-sfalse-p16#false-m50-ytrue-sfalse-p29#true-m67-ytrue-sfalse-p2#false-m90+1-ytrue-sfalse-p27}={1,5,4,15,2,11,8,13,21,24,16#56:21>>17#68:13>>36#68:11>>20#80:15>>19#80:8>>7}={27,5,14,20,32,19,23,15,6,29,21#37:21>>8#74:32>>13#89:29>>33#89:6>>10}
17:9={11_0:2#false-m24-s19-a6#false-m56-s7-a8^#false-m8-ytrue-sfalse-p4#false-m12-ytrue-sfalse-p32#false-m43-ytrue-sfalse-p6#true-m65-ytrue-sfalse-p10#true-m67-ytrue-sfalse-p8}={22,4,2,8,23,5,16,7,17,11,10#76:2>>21#83:11>>19#90+1:16>>33#90+1:10>>20}={1,32,3,19,4,8,14,20,6,7,17#70:17>>15#85:4>>5#85:19>>2#90+5:20>>28}
8:2={8_1:3#false-m20-s7-a11#true-m41-s10-a#false-m45+2-s8-a4#false-m85-s11-a32-p^#false-m10-ytrue-sfalse-p9#true-m26-ytrue-sfalse-p5#false-m26-ytrue-sfalse-p11#true-m75-ytrue-sfalse-p39#true-m84-ytrue-sfalse-p29#true-m88-ytrue-sfalse-p3#false-m90-ytrue-sfalse-p29}={1,19,5,6,23,39,3,10,17,18,8#46:8>>29#65:18>>31#77:23>>2#77:39>>21#87:5>>9}={33,24,7,29,4,27,16,8,6,9,11#74:27>>3#74:8>>32#82:9>>5#89:6>>17#89:4>>20}
5:7={16_1:1#true-m46-s7-a#false-m90+1-s29-a26^#false-m21-ytrue-sfalse-p15#true-m26-ytrue-sfalse-p13#true-m44-ytrue-sfalse-p8#true-m73-ytrue-sfalse-p7#true-m76-ytrue-sfalse-p43#false-m90+4-ytrue-sfalse-p8#true-m90+5-ytrue-sfalse-p27}={1,5,2,4,23,13,8,7,14,43,9#46:14>>27#61:13>>20#76:43>>16#76:7>>38#85:2>>49}={1,35,15,34,7,22,18,16,23,27,33#54:18>>29#71:33>>26#71:7>>8#79:27>>39#79:16>>25}
4:6={3_2:1#true-m19-s30-a14#false-m40-s21-a20#true-m51-s11-a14^#false-m50-ytrue-sfalse-p18#false-m68-ytrue-sfalse-p36#true-m70-ytrue-sfalse-p4#false-m81-ytrue-sfalse-p21}={26,3,39,4,14,44,24,13,7,11,30#67:24>>16#82:11>>19#90+2:44>>5}={1,21,4,13,3,18,16,11,36,7,20#52:18>>6#75:11>>9#75:36>>19#85:21>>29#85:20>>8}
3:4={21_5:1#true-m1-s42-a17#false-m2-s30-a11#true-m25-s27-a17#true-m36-s6-a42#true-m75-s10-a19#true-m78-s19-a6^#true-m20-ytrue-sfalse-p2#false-m27-ytrue-sfalse-p24#true-m56-ytrue-sfalse-p17#false-m59-ytrue-sfalse-p39#true-m60-ytrue-sfalse-p9#true-m64-ytrue-sfalse-p27#true-m82-ytrue-sfalse-p6}={18,19,3,2,8,6,27,42,17,9,10#69:27>>45#82:3>>15#82:19>>22#82:17>>39#87:9>>25}={1,3,39,4,14,24,13,18,7,11,30#74:24>>44#74:30>>19#82:18>>22#82:3>>16}
2:17={5_0:1#false-m21-s11-a7^#false-m45+1-ytrue-sfalse-p11#true-m76-ytrue-sfalse-p5#false-m83-ytrue-sfalse-p10#true-m90+4-ytrue-sfalse-p11}={33,24,7,29,4,27,5,8,6,9,11#46:29>>45#65:4>>32#74:24>>15#89:5>>47}={22,4,21,2,23,5,16,7,17,11,29#70:21>>25#70:11>>10#82:29>>20#90+2:17>>19}
6:13={2_1:3#false-m15-s40-a-og#false-m27-s8-a#false-m58-s8-a7#true-m75-s13-a21^#false-m11-ytrue-sfalse-p2#false-m21-yfalse-sfalse-p18#true-m64-ytrue-sfalse-p19}={40,21,34,4,13,3,8,6,15,11,7#46:34>>20#46:15>>16#60:6>>19#60:11>>9#60:8>>36}={27,16,19,21,2,6,18,31,7,8,11#58:11>>22#76:7>>14#76:19>>30#86:16>>3#86:22>>9}
7:14={7_1:2#false-m23-s16-a3#true-m58-s27-a22-p#false-m61-s14-a25}={1,25,15,34,7,22,18,16,29,23,27#34:34>>2#70:18>>26#81:22>>19#81:29>>8#81:23>>10}={33,30,3,29,26,25,9,16,8,11,14#70:25>>27#80:29>>22#80:14>>5#86:9>>7#86:26>>20}
9:15={9_4:1#true-m13-s17-a20#true-m17-s17-a19#false-m23-s13-a15#true-m45-s8-a19#true-m87-s6-a7^#false-m5-ytrue-sfalse-p5#true-m19-ytrue-sfalse-p32#false-m45-ytrue-sfalse-p8#true-m90+4-ytrue-sfalse-p15}={1,32,3,19,4,8,14,20,6,7,17#73:17>>15#88:3>>13#88:19>>2#90+2:14>>28#90+2:4>>22}={37,5,4,14,15,28,8,13,24,16,7#46:28>>18#46:24>>21#71:8>>36#71:13>>29#79:7>>9}
18:11={25_5:1#false-m5-s20-a9#true-m12-s23-a18#true-m32-s19-a18#true-m35-s19-a#true-m39-s18-a#true-m90+1-s18-a24^#false-m29-ytrue-sfalse-p11#false-m68-ytrue-sfalse-p13#false-m83-ytrue-sfalse-p16#false-m86-ytrue-sfalse-p15}={1,14,3,23,37,6,8,22,11,19,18#66:11>>10#73:3>>5#87:8>>33#87:37>>24#87:19>>9}={22,23,13,5,31,11,20,17,8,9,21#11:31>>44#46:8>>19#59:9>>16#72:17>>10#72:11>>15}
1:10={23_5:1#true-m45+1-s14-a10#true-m51-s10-a25#false-m55-s32-a38#true-m67-s14-a10#true-m74-s14-a10#true-m77-s14-a20^#false-m24-ytrue-sfalse-p17#true-m78-ytrue-sfalse-p14#false-m90+1-ytrue-sfalse-p34}={1,30,20,3,4,12,25,10,34,14,19#69:19>>11#80:20>>23#80:14>>24#80:30>>13#83:3>>44}={1,28,30,17,3,42,8,32,6,38,9#58:42>>34#75:38>>20#75:6>>25#75:17>>37#85:8>>27}
16:8={14_2:0#true-m6-s29-a6#true-m38-s19-a14^#true-m22-ytrue-sfalse-p5#false-m30-ytrue-sfalse-p3#false-m35-ytrue-sfalse-p10#false-m46-ytrue-sfalse-p18#false-m50-ytrue-sfalse-p27#true-m54-ytrue-sfalse-p19#false-m73-ytrue-sfalse-p20#false-m75-ytrue-sfalse-p4#false-m82-ytrue-sfalse-p31}={27,5,14,20,32,19,8,15,6,29,33#78:32>>13#85:6>>10#85:29>>7#90+2:33>>18}={1,19,27,6,4,23,39,3,10,17,18#46:10>>29#46:19>>9#46:3>>2#60:27>>20#78:17>>31}
12:5={15_1:3#false-m25-s21-a5#false-m28-s14-a10#false-m30-s10-a14#true-m58-s18-a27^#true-m50-ytrue-sfalse-p4#true-m55-ytrue-sfalse-p31#false-m62-yfalse-sfalse-p13#false-m63-ytrue-sfalse-p21#true-m70-ytrue-sfalse-p18#false-m90+4-ytrue-sfalse-p2}={1,20,2,4,21,18,27,31,32,9,23#46:32>>10#46:2>>11#75:31>>8#86:9>>39#86:21>>16}={1,5,4,10,23,13,8,14,43,9,21#64:21>>3#75:14>>2#87:10>>7#87:43>>27}
5:1={23_2:3#false-m1-s19-a8#false-m8-s14-a3#true-m12-s43-a#false-m19-s14-a30#true-m79-s9-a16-p^#false-m45+3-ytrue-sfalse-p14#false-m78-ytrue-sfalse-p12#true-m90+5-ytrue-sfalse-p8}={1,2,42,49,26,10,8,27,14,43,9#63:27>>16#78:14>>7#78:42>>20#78:43>>21#89:26>>37}={1,30,20,3,23,4,12,8,34,14,19#63:14>>10#74:19>>11#88:30>>13#89:20>>25}
7:12={8_0:1#false-m29-s9-a27^#false-m8-ytrue-sfalse-p11#true-m68-ytrue-sfalse-p33#false-m83-ytrue-sfalse-p18}={1,35,3,34,7,22,18,16,23,27,14#46:34>>25#46:3>>15#46:18>>53#60:14>>33#79:7>>8}={1,2,4,21,18,27,24,31,9,11,23#63:9>>39#79:11>>16#79:24>>32#89:21>>6#89:2>>3}
8:15={11_2:0#true-m17-s13-a8#true-m83-s21-a12^#false-m37-yfalse-sfalse-p15#false-m76-ytrue-sfalse-p28}={1,19,5,13,6,23,39,3,10,8,12#28:8>>31#72:5>>4#73:10>>21#73:13>>2#85:39>>20}={37,5,4,15,28,19,11,36,24,16,17#46:11>>21#60:16>>2#60:17>>23#60:19>>29#73:36>>7}
10:18={24_3:2#true-m23-s22-a18-og#true-m38-s30-a#true-m74-s32-a42#false-m85-s19-a17#false-m90-s19-a8^#false-m37-ytrue-sfalse-p19#false-m45+2-ytrue-sfalse-p37#true-m58-ytrue-sfalse-p17#true-m90+5-ytrue-sfalse-p38#false-m90+5-ytrue-sfalse-p33}={1,28,30,17,37,42,8,32,34,18,9#69:9>>38#69:34>>6#76:18>>26#83:37>>33#83:17>>25}={1,17,3,23,26,37,8,22,11,19,18#57:37>>10#66:18>>16#66:23>>20#81:11>>33}
13:16={3_2:0#true-m23-s29-a19#true-m69-s29-a2^#false-m33-ytrue-sfalse-p33#false-m45+7-ytrue-sfalse-p6}={27,16,19,21,3,2,6,31,7,8,29#37:8>>14#71:29>>11#90+1:3>>25#90+1:19>>30#90+1:7>>44}={27,5,14,20,32,19,8,15,6,29,33#20:14>>13#46:8>>10#65:32>>21#70:20>>4#70:29>>9}
17:6={16_0:1#false-m32-s7-a^#false-m26-ytrue-sfalse-p4#false-m61-ytrue-sfalse-p34#false-m90+5-ytrue-sfalse-p13}={22,4,2,8,23,5,16,7,17,29,10#68:17>>13#78:10>>18#78:16>>6#86:4>>19}={1,21,34,4,13,3,27,16,15,11,7#72:27>>36#72:11>>6#83:21>>35#86:7>>9}
14:3={27_0:1#false-m68-s9-a17-p^#true-m53-ytrue-sfalse-p29#true-m66-ytrue-sfalse-p26#false-m82-ytrue-sfalse-p3#true-m90+1-ytrue-sfalse-p8}={33,30,3,29,26,25,27,16,8,11,14#62:14>>7#62:25>>20#82:29>>22#82:16>>31#90+3:26>>13}={1,19,15,3,8,6,27,17,9,25,10#60:25>>11#74:10>>7}
4:9={18_4:2#true-m24-s10-a11#false-m26-s8-a17#true-m35-s10-a18#true-m47-s30-a#true-m90-s14-a19#false-m90+3-s15-a^#false-m11-ytrue-sfalse-p32#true-m82-ytrue-sfalse-p8}={1,16,4,22,44,13,10,18,7,11,30#65:10>>14#65:22>>17#75:44>>8#87:30>>19#87:16>>3}={1,32,3,19,4,8,14,20,6,7,17#46:32>>13#67:17>>15#67:19>>29#87:6>>10#87:14>>11}
11:2={19_0:1#false-m65-s26-a6^#true-m15-ytrue-sfalse-p19#true-m45+1-ytrue-sfalse-p17#true-m67-ytrue-sfalse-p5#false-m67-ytrue-sfalse-p24#true-m73-ytrue-sfalse-p6#true-m74-ytrue-sfalse-p8}={1,23,13,6,2,5,20,17,19,8,9#29:23>>40#73:9>>21#73:19>>10#73:2>>44#83:20>>24}={33,24,7,29,4,27,16,8,6,9,11#61:8>>25#61:9>>26#76:27>>18#76:7>>3#87:11>>5}
18:5={17_4:2#true-m27-s18-a11#true-m32-s19-a23#true-m45+4-s11-a19#false-m71-s7-a3#false-m77-s43-a14#true-m90+8-s20-a^#false-m42-ytrue-sfalse-p16#true-m81-ytrue-sfalse-p8#true-m86-yfalse-sfalse-p10#false-m86-ytrue-sfalse-p3#true-m90+9-ytrue-sfalse-p20}={1,17,3,23,26,24,8,22,11,19,18#68:11>>37#76:19>>20#76:18>>10#76:3>>14#85:8>>33}={1,5,26,4,10,23,8,20,43,16,9#46:5>>14#46:26>>3#59:20>>7#59:16>>2}
1:13={25_1:0#true-m48-s20-a^#false-m17-ytrue-sfalse-p11#false-m51-ytrue-sfalse-p16#false-m68-ytrue-sfalse-p19#true-m69-ytrue-sfalse-p23#true-m87-ytrue-sfalse-p34}={17,30,20,3,23,12,24,25,10,34,14#63:14>>19#88:10>>11}={27,16,19,21,25,2,6,31,7,8,29#3:29>>11#66:7>>14#66:11>>44#80:16>>5#80:2>>30}
6:10={14_4:1#false-m37-s42-a34#true-m43-s4-a7#true-m65-s7-a21#true-m71-s11-a27#true-m81-s34-a7^#false-m28-ytrue-sfalse-p28#true-m84-ytrue-sfalse-p15}={1,21,34,4,13,3,27,16,15,11,7#73:21>>36#80:16>>6#81:13>>35#81:11>>20#88:27>>18}={1,28,30,17,37,42,8,32,34,18,9#66:32>>27#78:9>>38#78:34>>20}
12:14={2_5:1#true-m3-s23-a24-p#true-m60-s21-a23#true-m75-s27-a21#true-m84-s10-a39#true-m87-s10-a21#false-m89-s13-a14^#true-m40-ytrue-sfalse-p27}={1,2,4,21,18,27,24,31,16,9,23#45+1:16>>39#73:24>>32#73:23>>10#81:4>>3}={33,30,3,20,29,25,27,7,8,31,14#70:20>>26#70:25>>13#81:27>>16#81:29>>22#81:31>>28}
16:17={21_1:0#true-m66-s33-a29^#true-m42-ytrue-sfalse-p21#false-m69-ytrue-sfalse-p8#false-m72-ytrue-sfalse-p7#false-m79-ytrue-sfalse-p17#false-m90+4-yfalse-sfalse-p25}={27,5,4,20,32,19,23,15,6,33,21#65:23>>29#80:21>>10#90+2:33>>13}={22,4,2,8,23,5,16,7,17,29,10#71:10>>13#81:16>>6#81:17>>18#87:4>>9#87:2>>25}
2:4={22_2:1#false-m10-s30-a10#true-m50-s25-a26#true-m60-s11-a^#true-m5-ytrue-sfalse-p26#false-m20-ytrue-sfalse-p30#false-m45+1-ytrue-sfalse-p4#false-m70-ytrue-sfalse-p11#true-m83-ytrue-sfalse-p18#false-m85-ytrue-strue-p30#false-m86-ytrue-sfalse-p22-b#false-m88-ytrue-strue-p11#false-m90+4-ytrue-sfalse-p5}={33,2,24,3,4,27,16,6,25,26,11#63:25>>18#63:2>>29#75:26>>8#75:11>>9#83:27>>5}={1,17,16,4,22,44,13,10,18,11,30#66:22>>7#66:10>>14#70:16>>5#70:44>>3}
3:7={10_5:0#true-m7-s10-a25#true-m12-s22-a9#true-m26-s9-a-p#true-m48-s10-a39#true-m66-s7-a^#true-m61-ytrue-sfalse-p25#false-m87-ytrue-sfalse-p3}={1,19,15,22,2,6,45,11,9,25,10#46:11>>39#61:2>>8#61:9>>7#67:10>>17#81:25>>42}={1,25,35,15,34,7,8,18,23,27,53#41:18>>22#46:53>>14#63:7>>20#63:23>>26#78:15>>3}
9:8={15_3:3#true-m1-s17-a20#false-m30-s3-a10#true-m56-s7-a8#false-m61-s20-a12#true-m79-s17-a6#false-m90+5-s8-a^#false-m23-ytrue-sfalse-p20#true-m64-ytrue-sfalse-p14#false-m64-ytrue-sfalse-p23#true-m67-ytrue-sfalse-p7#false-m71-ytrue-sfalse-p6#true-m90+4-ytrue-sfalse-p6#true-m90+4-ytrue-sfalse-p4#true-m90+4-ytrue-sfalse-p28#true-m90+6-ytrue-sfalse-p20-b}={1,3,19,4,13,8,14,20,6,7,17#75:14>>10#75:19>>29#75:7>>15#83:17>>11#90+1:20>>28}={1,2,5,13,6,23,39,3,10,18,12#9:39>>20#76:10>>8#76:13>>31#83:20>>21}
15:11={26_0:2#false-m8-s20-a#false-m30-s20-a6^#false-m20-ytrue-sfalse-p44#true-m60-ytrue-sfalse-p17#false-m79-ytrue-sfalse-p19}={37,5,26,28,2,11,36,8,29,16,17#46:2>>4#46:36>>20#59:11>>21#62:26>>24#69:29>>23}={1,13,6,5,16,20,17,44,19,8,9#60:8>>10#60:9>>21#69:44>>11#75:5>>40#75:20>>36}
6:5={19_2:0#true-m18-s11-a13#true-m90+2-s6-a20^#false-m77-ytrue-sfalse-p23#false-m78-ytrue-sfalse-p9}={1,21,34,4,13,3,27,16,15,11,36#75:13>>35#75:16>>6#87:27>>20#87:36>>19#90+4:11>>8}={1,3,5,26,4,10,23,13,8,43,9#46:5>>2#71:10>>27#72:8>>14#87:26>>7}
2:10={27_4:0#true-m2-s29-a6#true-m17-s9-a6#true-m45+5-s11-a18-p#true-m80-s26-a27^#true-m11-ytrue-sfalse-p4#false-m15-ytrue-sfalse-p6#true-m45+5-ytrue-sfalse-p8#false-m45+5-ytrue-sfalse-p3#true-m53-ytrue-sfalse-p16#true-m82-ytrue-sfalse-p25#false-m82-ytrue-sfalse-p33#true-m84-ytrue-sfalse-p26}={33,2,3,29,4,16,8,6,9,18,11#61:8>>25#61:18>>27#69:11>>5#69:9>>26#81:2>>24}={21,28,30,17,37,42,8,32,6,34,20#20:28>>3#59:32>>18#59:30>>33#76:34>>9#76:20>>38}
3:12={18_3:2#true-m20-s8-a6#false-m24-s9-a#true-m39-s17-a10#true-m62-s8-a17#false-m88-s9-a11^#false-m45+2-ytrue-sfalse-p21#false-m61-ytrue-sfalse-p39#true-m80-ytrue-sfalse-p6#true-m84-ytrue-sfalse-p27#false-m90+5-ytrue-sfalse-p2}={1,19,3,2,8,6,27,17,11,9,10#67:10>>7#76:11>>42}={1,2,4,21,18,27,24,31,39,9,10#62:31>>6#63:10>>11#71:24>>32#71:39>>23}
8:17={7_0:2#false-m25-s11-a2-p#false-m90+2-s29-a17^#false-m38-ytrue-sfalse-p6#false-m70-ytrue-sfalse-p8#true-m84-ytrue-sfalse-p20}={1,2,5,13,6,20,3,31,18,8,12#46:8>>10#46:31>>21#69:3>>30#69:18>>14#77:12>>9}={22,4,2,8,23,5,7,6,13,11,29#71:6>>16#80:11>>9#80:13>>17#90+6:29>>18}
16:4={11_3:3#false-m10-s4-a22#false-m13-s7-a#false-m21-s14-a22#true-m48-s9-a21#true-m57-s9-a29#true-m61-s9-a10-p^#true-m9-ytrue-sfalse-p19#true-m20-ytrue-sfalse-p15#true-m69-ytrue-sfalse-p6#true-m90+2-ytrue-sfalse-p20}={27,5,14,20,32,19,10,15,6,9,29#46:15>>21#89:29>>4#90+2:9>>7#90+2:10>>33}={1,17,16,4,22,14,44,13,10,18,7#68:18>>8#73:17>>9}
18:7={5_1:3#false-m26-s23-a#false-m45+1-s27-a#false-m56-s23-a7#true-m84-s16-a33^#false-m23-ytrue-sfalse-p35#true-m53-ytrue-sfalse-p24#true-m87-ytrue-sfalse-p1}={1,14,23,26,6,24,8,22,11,19,18#61:24>>37#61:18>>20#61:23>>16#73:26>>33#87:11>>9}={1,25,35,15,7,22,16,23,27,33,53#70:16>>20#87:53>>52#90+2:33>>34}
1:14={16_3:1#true-m32-s10-a34#true-m62-s10-a-p#true-m74-s14-a10#false-m90+1-s11-a20^#false-m59-ytrue-sfalse-p31#false-m90+3-ytrue-sfalse-p22}={1,13,20,4,12,8,10,34,14,19,11#8:11>>3#63:19>>30#81:10>>7#81:20>>24#81:34>>25}={33,30,3,22,26,25,27,16,8,31,11#75:31>>14#75:25>>7#75:26>>20#81:27>>2#87:16>>13}
15:13={9_2:1#true-m1-s16-a#false-m5-s18-a7-p#true-m24-s24-a16-p^#false-m26-ytrue-sfalse-p19#false-m32-ytrue-sfalse-p16#true-m32-ytrue-sfalse-p36#true-m86-ytrue-sfalse-p14}={37,5,18,4,14,19,36,13,24,16,17#60:18>>28#60:17>>21#72:13>>8#85:24>>26#85:16>>20}={27,16,19,21,2,6,18,31,7,8,11#61:21>>25#61:11>>44#61:19>>30#76:16>>5#84:2>>22}
9:11={3_0:2#false-m5-s9-a10#false-m45+1-s9-a13^#true-m45+1-ytrue-sfalse-p7#false-m71-ytrue-sfalse-p16#false-m78-ytrue-sfalse-p8}={1,32,3,19,4,8,10,20,6,7,17#64:10>>28#71:7>>11#72:4>>22#72:19>>29#82:17>>15}={1,13,6,5,16,20,17,44,10,8,9#65:9>>21#65:10>>36#65:6>>40#77:20>>24#87:44>>11}
12:18={14_2:2#false-m13-s26-a33#true-m50-s39-a23#true-m53-s23-a39#false-m80-s7-a9^#false-m23-ytrue-sfalse-p26#true-m60-ytrue-sfalse-p39#true-m90+1-ytrue-sfalse-p21#false-m90+1-ytrue-sfalse-p22#false-m90+2-ytrue-sfalse-p20#false-m90+4-ytrue-sfalse-p9}={1,2,4,21,18,27,31,32,9,11,23#46:2>>7#46:31>>39#71:32>>3#83:11>>6#87:4>>10}={1,17,33,3,26,16,24,8,22,19,18#59:18>>7#68:24>>20#79:19>>9#79:16>>37#79:33>>47}
4:1={7_2:2#false-m18-s14-a10#false-m36-s24-a10#true-m41-s22-a#true-m85-s12-a10-og^#false-m40-ytrue-sfalse-p8#false-m42-ytrue-sfalse-p12#true-m79-ytrue-sfalse-p10#true-m87-ytrue-sfalse-p14}={1,5,16,4,22,44,10,18,7,11,30#51:44>>13#51:18>>8#67:16>>14#67:7>>17#74:11>>9}={1,13,3,23,4,12,8,24,10,34,14#46:8>>25#65:14>>19#66:13>>30}
5:9={8_2:2#true-m28-s9-a10#true-m51-s32-a9-og#false-m65-s10-a13#false-m72-s7-a6^#true-m10-ytrue-sfalse-p26#true-m21-yfalse-sfalse-p4#false-m63-ytrue-sfalse-p10#false-m79-ytrue-sfalse-p11#false-m87-ytrue-sfalse-p6#false-m89-ytrue-sfalse-p32}={1,5,26,4,10,23,13,8,27,43,9#12:8>>20#61:27>>16#61:43>>14#77:10>>3}={1,32,3,19,13,8,14,20,6,7,17#60:17>>11#60:14>>10#60:19>>29#87:7>>15}
10:3={21_1:2#false-m15-s9-a15#false-m54-s3-a6#true-m68-s28-a42^#true-m52-ytrue-sfalse-p17#true-m54-ytrue-sfalse-p1#false-m63-ytrue-sfalse-p9#true-m76-ytrue-sfalse-p42#true-m90+2-ytrue-sfalse-p32#false-m90+3-ytrue-sfalse-p25}={1,17,3,33,37,42,8,27,34,18,9#46:37>>28#75:9>>20#77:18>>32#77:8>>44#85:33>>38}={1,15,22,3,8,6,42,45,7,9,10#40:8>>44#63:10>>17#63:7>>11#83:42>>25#83:22>>16}
11:8={2_2:1#true-m45+1-s5-a9#false-m76-s6-a2#true-m90+2-s31-a36^#true-m88-ytrue-sfalse-p2}={1,40,13,6,5,11,20,10,19,8,9#61:10>>36#61:11>>2#70:40>>31#77:9>>21#77:20>>24}={1,19,5,13,6,23,21,20,3,10,12#60:21>>18#60:20>>31#75:23>>2#75:13>>8#90:10>>14}
13:2={23_2:0#true-m29-s44-a8#true-m86-s19-a11^#true-m16-ytrue-sfalse-p6#true-m36-ytrue-sfalse-p44#true-m41-ytrue-sfalse-p27#true-m45+2-ytrue-sfalse-p7#false-m57-ytrue-sfalse-p16#false-m68-ytrue-sfalse-p6#false-m88-ytrue-sfalse-p24}={27,16,19,21,2,6,18,31,7,8,44#65:21>>25#74:44>>11#74:31>>5#88:19>>30}={33,2,7,29,4,27,16,6,25,26,11#62:27>>18#62:7>>3#72:16>>32#72:25>>9#87:29>>24}
14:16={15_3:0#true-m34-s27-a7#true-m55-s25-a11#true-m86-s11-a^#true-m26-ytrue-sfalse-p30#false-m58-ytrue-sfalse-p15#false-m81-ytrue-sfalse-p21#false-m85-ytrue-sfalse-p27}={33,30,5,29,26,25,27,7,8,31,11#68:31>>19#80:25>>20#80:7>>16#89:27>>10#89:26>>2}={27,5,13,14,32,10,8,15,6,9,33#61:15>>21#61:9>>29#61:8>>7#82:13>>2#82:6>>24}
7:6={22_2:2#false-m26-s11-a11-p#true-m65-s14-a23#false-m71-s11-a13#true-m90+5-s23-a27^#true-m58-ytrue-sfalse-p35#true-m83-ytrue-sfalse-p16#true-m90+6-ytrue-sfalse-p23}={37,25,35,15,19,20,7,16,23,27,33#63:33>>14#76:20>>21#76:15>>3#84:7>>8}={1,34,4,13,3,27,16,15,11,36,20#62:27>>8#62:20>>35#82:11>>9#90+3:16>>22#90+3:36>>19}
17:15={24_3:0#true-m31-s29-a7#true-m51-s29-a11#true-m90+3-s10-a29^#false-m35-ytrue-sfalse-p13#false-m50-ytrue-sfalse-p20#false-m51-ytrue-sfalse-p14}={22,4,21,2,23,5,7,6,13,11,29#46:21>>16#78:13>>17#90+2:11>>10#90+2:2>>14#90+4:29>>18}={37,5,18,4,14,19,36,13,24,16,17#46:13>>20#60:17>>10#60:14>>7#71:19>>21#71:24>>15}
9:13={17_1:0#true-m14-s10-a^#false-m9-ytrue-sfalse-p27#true-m26-ytrue-sfalse-p32#true-m42-ytrue-sfalse-p4#false-m44-ytrue-sfalse-p19#true-m78-ytrue-sfalse-p20#false-m80-ytrue-sfalse-p7#true-m90+1-ytrue-sfalse-p1#true-m90+2-ytrue-sfalse-p14#true-m90+3-ytrue-strue-p4#true-m90+4-ytrue-strue-p32#true-m90+8-ytrue-sfalse-p8}={1,32,3,29,4,8,10,14,20,7,11#36:10>>28#70:7>>17#70:29>>19#86:3>>5}={27,16,19,21,2,6,18,31,7,8,44#46:18>>14#56:16>>5#78:44>>11#81:19>>30#81:2>>9}
2:14={11_1:2#false-m25-s19-a8#true-m49-s30-a25-og#false-m81-s11-a26^#false-m42-ytrue-sfalse-p7#true-m57-ytrue-sfalse-p3#false-m57-ytrue-sfalse-p11#true-m62-ytrue-sfalse-p7}={33,2,3,29,20,8,6,25,9,18,11#59:2>>7#59:18>>27#70:9>>26#80:25>>32#80:8>>5}={33,30,3,29,26,25,19,16,7,8,11#76:19>>20#87:25>>22#90+1:11>>31#90+1:7>>5#90+1:26>>2}
3:18={9_4:3#true-m19-s42-a17#true-m45+3-s9-a11#true-m46-s9-a22#true-m54-s7-a#false-m62-s8-a17#false-m90+1-s7-a17#false-m90+3-s7-a20^#true-m78-ytrue-sfalse-p27#false-m81-ytrue-sfalse-p26}={1,22,3,2,6,27,42,17,45,11,9#46:17>>7#58:45>>16#58:11>>10#58:9>>25#85:22>>49}={1,17,33,3,23,47,26,37,10,8,19#61:33>>7#61:37>>24#71:23>>20#82:47>>6#83:19>>16}
8:5={26_1:2#false-m33-s9-a3#false-m63-s14-a5#true-m64-s17-a13^#false-m14-ytrue-sfalse-p16#true-m38-ytrue-sfalse-p19#false-m88-ytrue-sfalse-p7#false-m90+1-ytrue-sfalse-p1#false-m90+3-ytrue-sfalse-p9}={1,19,5,13,6,23,20,3,18,8,12#55:20>>21#56:8>>31#56:18>>17#73:13>>10#80:5>>9}={1,3,5,26,10,23,13,20,43,16,9#46:16>>27#58:10>>14#71:13>>6#87:27>>2#87:43>>7}
16:10={25_0:1#false-m34-s25-a30^#true-m42-ytrue-sfalse-p19#true-m63-ytrue-sfalse-p5#false-m74-ytrue-sfalse-p1#false-m81-ytrue-sfalse-p27#true-m84-ytrue-sfalse-p6}={27,5,14,20,32,19,10,6,29,33,21#63:10>>17#63:29>>9#63:32>>23#80:14>>24#90+1:21>>13}={1,28,30,3,25,8,32,27,34,18,9#58:32>>42#77:8>>6#90:18>>38#90:34>>44}
17:11={18_1:1#true-m17-s40-a23-og#false-m83-s36-a13^#false-m60-ytrue-sfalse-p13#true-m67-ytrue-sfalse-p11#false-m70-ytrue-sfalse-p40#false-m90+1-ytrue-sfalse-p2}={22,4,2,8,23,5,7,6,13,11,29#61:29>>17#80:2>>44#80:11>>10#88:13>>26}={1,40,13,6,5,11,20,17,19,8,9#46:8>>10#61:9>>21#70:19>>36#70:11>>2#79:40>>15}
15:4={19_0:0^#true-m32-ytrue-sfalse-p18#true-m49-ytrue-sfalse-p4#false-m64-ytrue-sfalse-p14#false-m78-ytrue-sfalse-p9#true-m90+5-ytrue-sfalse-p20}={1,5,18,4,20,19,8,21,24,16,9#71:21>>11#72:9>>17#72:18>>28#77:19>>29#84:24>>26}={1,17,5,16,4,22,14,13,10,11,30#46:5>>8#46:11>>7#72:13>>23#72:17>>44#78:14>>9}
6:12={3_1:1#false-m50-s35-a9-og#true-m81-s20-a19^#false-m45+1-ytrue-sfalse-p21#false-m71-ytrue-sfalse-p32#true-m72-ytrue-sfalse-p19#false-m90+7-ytrue-sfalse-p31}={1,21,34,4,3,35,27,6,15,11,36#15:4>>13#57:36>>19#57:6>>16#68:21>>29#68:15>>20}={1,2,4,21,18,27,31,32,9,11,23#66:1>>29#75:32>>24#75:11>>5#85:9>>10#85:23>>17}
1:7={4_3:1#true-m15-s22-a20#true-m19-s30-a24#true-m51-s14-a16#false-m62-s14-a^#false-m34-ytrue-sfalse-p8#true-m45+2-ytrue-sfalse-p20#true-m61-ytrue-strue-p20#false-m79-ytrue-sfalse-p53#false-m79-ytrue-sfalse-p7#true-m79-ytrue-sfalse-p4#true-m90+5-ytrue-sfalse-p24}={1,30,20,3,4,12,24,10,34,22,19#42:19>>16#46:22>>14#68:16>>5#84:10>>25#84:30>>13}={37,25,35,2,19,20,7,8,21,23,53#62:8>>14#62:19>>40#62:21>>34#73:2>>52#84:53>>22}
3:9={24_3:0#true-m56-s9-a-p#true-m82-s10-a27#true-m90+7-s9-a42-p^#false-m54-ytrue-sfalse-p3#false-m54-ytrue-sfalse-p8#false-m62-ytrue-sfalse-p9#true-m84-ytrue-sfalse-p8}={1,23,22,3,2,6,42,17,45,11,9#73:23>>27#81:45>>8#81:11>>10#90:22>>44}={1,3,19,5,13,8,14,6,7,17,11#43:6>>28#52:11>>9#87:7>>15#87:19>>29}
5:2={21_1:2#false-m50-s3-a27-og#false-m61-s24-a18#true-m81-s10-a13^#true-m17-ytrue-sfalse-p23#true-m56-ytrue-sfalse-p26#true-m60-ytrue-sfalse-p27#false-m89-ytrue-sfalse-p6#true-m89-ytrue-strue-p26#true-m90+2-ytrue-sfalse-p16#false-m90+6-ytrue-sfalse-p16}={1,3,5,26,10,23,13,20,27,43,9#71:27>>14#85:5>>24#85:13>>7#85:43>>16}={33,24,3,7,20,27,16,8,6,18,26#70:27>>4#70:26>>9#77:8>>5#86:18>>11}
7:15={23_0:4#false-m24-s16-a21#false-m61-s27-a11#false-m73-s23-a29#false-m87-s16-a27^#true-m2-ytrue-sfalse-p21#true-m36-ytrue-sfalse-p8#false-m90-ytrue-sfalse-p28}={37,25,35,19,4,7,8,21,23,27,33#46:33>>14#64:21>>53#64:25>>3#72:8>>29#76:19>>22}={1,5,18,4,19,11,8,21,24,16,9#46:9>>23#46:19>>29#59:21>>27#76:18>>28#88:24>>15}
10:8={18_1:0#true-m30-s32-a42^#false-m18-ytrue-sfalse-p5#true-m45+4-ytrue-sfalse-p8#true-m55-ytrue-sfalse-p9#true-m76-ytrue-sfalse-p32}={1,28,30,3,25,42,8,32,27,18,9#62:9>>20#62:18>>34#84:42>>19#90+2:30>>33#90+2:32>>6}={1,19,5,13,6,23,21,20,3,17,12#20:19>>2#46:5>>18#67:20>>31#67:13>>10#80:21>>16}
12:1={22_0:0^#false-m15-ytrue-sfalse-p22#false-m37-ytrue-sfalse-p8#true-m75-ytrue-sfalse-p21#false-m77-ytrue-sfalse-p23#true-m90+7-ytrue-sfalse-p4}={29,2,4,21,18,27,32,39,9,11,23#73:11>>7#90:32>>6#90:23>>17#90:39>>31#90+3:2>>3}={1,13,5,3,23,4,8,24,34,22,19#60:13>>30#60:24>>10#75:22>>14#75:19>>16}
13:11={19_0:0^#true-m8-ytrue-sfalse-p3#true-m34-ytrue-sfalse-p44#false-m43-ytrue-sfalse-p9#false-m45+7-ytrue-sfalse-p16#true-m76-ytrue-sfalse-p5#false-m88-ytrue-sfalse-p6}={27,21,3,2,6,30,18,31,7,8,44#46:2>>5#67:44>>29#67:3>>22#80:30>>9#85:7>>11}={1,6,5,31,11,16,20,17,36,19,9#37:17>>10#64:36>>24#77:16>>3#78:11>>40#78:9>>21}
14:6={8_1:1#true-m26-s11-a10#false-m31-s11-a16^#false-m33-ytrue-sfalse-p27#true-m42-ytrue-sfalse-p3#false-m42-ytrue-sfalse-p30#true-m48-ytrue-sfalse-p26#false-m81-ytrue-sfalse-p20#true-m89-ytrue-sfalse-p10}={33,5,3,29,26,25,10,19,7,8,11#70:25>>31#70:26>>20#90:19>>14}={1,21,13,3,35,27,16,15,30,11,36#57:30>>20#75:15>>6#75:21>>29#83:27>>17#84:36>>34}
18:16={27_2:2#true-m3-s7-a-p#false-m37-s9-a19#false-m39-s9-a15#true-m50-s26-a47^#true-m52-ytrue-sfalse-p22#false-m54-ytrue-sfalse-p32#false-m68-ytrue-sfalse-p19#true-m90+5-ytrue-sfalse-p26}={1,17,3,23,47,26,10,8,22,7,19#19:3>>6#25:7>>18#46:23>>20#46:8>>37}={27,5,14,20,32,19,17,15,9,21,11#45+2:9>>29#46:21>>33#81:17>>8#90+4:11>>4#90+4:19>>10}
4:17={2_2:0#true-m16-s30-a10#true-m35-s10-a30^#true-m1-ytrue-sfalse-p3#false-m11-ytrue-sfalse-p44#false-m58-ytrue-sfalse-p25#true-m66-ytrue-sfalse-p44#true-m69-yfalse-sfalse-p4}={1,17,3,23,4,22,8,44,10,7,30#46:3>>13#73:7>>14#73:30>>11#73:44>>5#83:23>>16}={22,4,8,23,44,5,16,7,6,13,11#57:16>>26#57:44>>25#80:13>>18#80:4>>9}
11:4={22_0:0^#true-m28-ytrue-sfalse-p20#true-m60-ytrue-sfalse-p5#false-m62-ytrue-sfalse-p44}={1,13,6,5,11,16,20,17,24,19,9#61:9>>21#72:24>>10#82:11>>44}={1,17,3,16,23,22,14,8,44,10,30#63:14>>11#70:23>>13#70:44>>18#82:17>>21#82:30>>9}
2:12={25_1:2#true-m72-s11-a6#false-m77-s11-a9#false-m87-s9-a-p^#false-m8-ytrue-sfalse-p2#true-m45+1-ytrue-sfalse-p24#true-m45+4-ytrue-sfalse-p16#false-m76-ytrue-sfalse-p32#true-m90+3-ytrue-sfalse-p3#false-m90+3-ytrue-sfalse-p17}={33,24,3,7,4,27,16,8,6,18,26#70:18>>17#70:26>>11#84:27>>9#88:16>>32#88:4>>29}={29,2,4,18,31,32,6,39,9,11,23#46:2>>5#71:23>>7#90+1:11>>17#90+3:9>>3}
15:14={14_1:2#false-m10-s26-a25#false-m26-s11-a19#true-m63-s23-a15-p^#false-m78-ytrue-sfalse-p16}={1,5,18,4,19,11,8,21,24,16,23#30:24>>15#46:21>>14#63:19>>20#63:23>>9#85:11>>27}={33,30,3,29,26,25,19,16,7,8,11#19:33>>1#74:29>>22#74:19>>5#82:7>>31#82:25>>10}
16:5={16_2:0#true-m33-s11-a33#true-m35-s11-a^#true-m49-ytrue-sfalse-p5}={1,5,4,14,20,19,17,6,33,21,11#74:21>>2#88:33>>10#88:11>>29#90+1:17>>8}={1,4,25,24,10,23,13,20,27,43,9#46:20>>6#58:43>>14#63:25>>2#63:27>>16#80:13>>7}
17:10={3_0:1#false-m89-s23-a30-og^#true-m63-ytrue-sfalse-p4}={22,4,8,23,44,5,7,6,13,11,26#62:26>>17#82:44>>21#82:13>>18#90+1:4>>9#90+1:11>>19}={1,28,30,3,25,42,8,32,6,34,9#75:34>>18#75:32>>19#90+1:42>>37}
1:3={21_0:0^#true-m11-ytrue-sfalse-p3#false-m39-ytrue-sfalse-p21#false-m53-ytrue-sfalse-p45#false-m74-ytrue-sfalse-p2#true-m90+4-ytrue-sfalse-p12}={1,30,20,3,23,4,12,25,10,34,19#85:19>>21#90+2:20>>14}={1,21,3,2,6,27,42,17,45,11,9#68:17>>7#68:45>>8#68:21>>44#68:11>>10#86:42>>23}
9:7={26_1:3#true-m7-s34-a20-og#false-m28-s16-a27#false-m44-s7-a20#false-m63-s14-a27^#true-m38-ytrue-sfalse-p20#false-m50-ytrue-sfalse-p14#false-m56-ytrue-sfalse-p35#false-m85-ytrue-sfalse-p53#true-m90+2-ytrue-sfalse-p15}={1,3,29,4,13,8,10,14,20,7,17#46:13>>5#46:7>>9#46:29>>19#67:17>>11#84:3>>15}={37,35,3,34,4,20,7,16,21,27,14#76:14>>53#76:16>>8#83:34>>22#88:27>>25}
6:18={11_3:1#true-m18-s16-a21#true-m37-s35-a#true-m60-s20-a#false-m73-s8-a20^#true-m62-ytrue-sfalse-p18#true-m85-ytrue-sfalse-p13}={1,21,34,13,3,35,27,6,16,11,20#50:6>>18#71:20>>17#71:21>>29#90+1:11>>19}={21,17,3,13,26,37,10,8,22,20,19#46:17>>33#59:19>>18#59:10>>16#72:13>>6#81:3>>24}
8:13={5_0:2#false-m28-s29-a19#false-m49-s44-a29^#true-m62-ytrue-sfalse-p18#false-m65-ytrue-sfalse-p31#false-m71-ytrue-sfalse-p19#false-m73-ytrue-sfalse-p18}={1,19,27,13,6,4,23,21,3,17,12#46:27>>18#46:21>>10#57:19>>8#68:13>>16#80:3>>20}={27,19,21,3,2,6,18,31,8,29,44#62:29>>7#71:44>>11#79:19>>30#79:31>>25#79:18>>15}
10:9
12:16
13:17
14:11
18:1
5:15
4:8
3:6
7:2
2:3
4:13
8:14
9:12
16:7
17:5
6:1
15:18
11:10
14:13
1:9
3:16
5:11
12:17
18:2
10:4
6:15
7:8
17:7
9:14
11:12
13:10
15:3
4:5
16:6
8:18
2:1
1:16
3:17
7:11
12:8
14:4
18:9
6:2
10:15
5:13
4:7
8:1
9:6
10:5
11:3
13:18
15:12
16:2
17:14
1:15
2:9
3:5
6:8
7:13
12:4
14:10
16:11
18:17
4:18
5:14
8:3
9:16
10:7
11:6
13:12
15:2
17:1
1:11
2:8
3:13
6:4
7:5
9:17
12:10
16:15
18:14
4:3
5:12
8:16
10:1
11:18
13:6
14:7
15:9
17:2
1:5
2:11
3:14
6:17
9:4
12:7
15:8
16:13
18:10
4:2
5:18
7:3
8:9
10:6
11:15
13:1
14:12
17:16
